  -10.0000000       8.94010639    
  -9.96000004       9.07447910    
  -9.92000008       9.20075226    
  -9.88000011       9.31079388    
  -9.84000015       9.40452576    
  -9.80000019       9.48191929    
  -9.76000023       9.54298115    
  -9.72000027       9.58771992    
  -9.68000031       9.61618996    
  -9.64000034       9.62847042    
  -9.60000038       9.62465858    
  -9.56000042       9.60489750    
  -9.52000046       9.56945324    
  -9.47999954       9.51828003    
  -9.43999958       9.45158958    
  -9.39999962       9.36984348    
  -9.35999966       9.27318764    
  -9.31999969       9.16190434    
  -9.27999973       9.03629589    
  -9.23999977       8.89669514    
  -9.19999981       8.74344921    
  -9.15999985       8.57693005    
  -9.11999989       8.39752293    
  -9.07999992       8.20564079    
  -9.03999996       8.00171852    
  -9.00000000       7.78619385    
  -8.96000004       7.55952597    
  -8.92000008       7.32219839    
  -8.88000011       7.07470179    
  -8.84000015       6.81754971    
  -8.80000019       6.55126572    
  -8.76000023       6.27636337    
  -8.72000027       5.99338436    
  -8.68000031       5.70289516    
  -8.64000034       5.40545607    
  -8.60000038       5.10162115    
  -8.56000042       4.79198122    
  -8.52000046       4.47715521    
  -8.47999954       4.15758514    
  -8.44000053       3.83399725    
  -8.39999962       3.50698233    
  -8.35999966       3.17701101    
  -8.31999969       2.84479856    
  -8.27999973       2.51088738    
  -8.23999977       2.17587948    
  -8.19999981       1.84034705    
  -8.15999985       1.50488019    
  -8.11999989       1.17005706    
  -8.07999992      0.836449862    
  -8.03999996      0.504618883    
  -8.00000000      0.175118446    
  -7.96000004     -0.151491165    
  -7.92000008     -0.474673510    
  -7.88000011     -0.793910027    
  -7.84000015      -1.10868216    
  -7.80000019      -1.41848326    
  -7.76000023      -1.72281861    
  -7.72000027      -2.02121139    
  -7.68000031      -2.31320262    
  -7.64000034      -2.59834528    
  -7.60000038      -2.87622809    
  -7.55999994      -3.14638615    
  -7.51999998      -3.40843797    
  -7.48000002      -3.66203785    
  -7.44000006      -3.90678644    
  -7.40000010      -4.14236784    
  -7.36000013      -4.36845446    
  -7.32000017      -4.58475351    
  -7.27999973      -4.79093790    
  -7.23999977      -4.98674536    
  -7.19999981      -5.17199039    
  -7.15999985      -5.34642363    
  -7.11999989      -5.50984144    
  -7.07999992      -5.66207170    
  -7.03999996      -5.80295944    
  -7.00000000      -5.93236685    
  -6.96000004      -6.05017567    
  -6.92000008      -6.15630484    
  -6.88000011      -6.25069141    
  -6.84000015      -6.33327675    
  -6.80000019      -6.40403938    
  -6.76000023      -6.46297359    
  -6.72000027      -6.51010275    
  -6.68000031      -6.54546928    
  -6.64000034      -6.56912327    
  -6.60000038      -6.58114719    
  -6.56000042      -6.58169127    
  -6.51999998      -6.57079077    
  -6.48000002      -6.54858828    
  -6.44000006      -6.51532555    
  -6.40000010      -6.47113943    
  -6.36000013      -6.41622686    
  -6.32000017      -6.35084248    
  -6.27999973      -6.27514267    
  -6.23999977      -6.18937588    
  -6.19999981      -6.09388447    
  -6.15999985      -5.98891020    
  -6.11999989      -5.87474585    
  -6.07999992      -5.75170469    
  -6.03999996      -5.62010717    
  -6.00000000      -5.48028946    
  -5.96000004      -5.33259821    
  -5.92000008      -5.17738771    
  -5.88000011      -5.01503372    
  -5.84000015      -4.84591436    
  -5.80000019      -4.67040825    
  -5.76000023      -4.48891830    
  -5.72000027      -4.30185223    
  -5.68000031      -4.10962391    
  -5.63999987      -3.91261578    
  -5.59999990      -3.71125054    
  -5.55999994      -3.50597811    
  -5.51999998      -3.29721570    
  -5.48000002      -3.08539867    
  -5.44000006      -2.87094116    
  -5.40000010      -2.65427828    
  -5.36000013      -2.43584514    
  -5.32000017      -2.21605897    
  -5.28000021      -1.99535489    
  -5.24000025      -1.77416205    
  -5.20000029      -1.55289173    
  -5.16000032      -1.33196712    
  -5.11999989      -1.11178756    
  -5.07999992     -0.892752409    
  -5.03999996     -0.675290823    
  -5.00000000     -0.459778309    
  -4.96000004     -0.246590376    
  -4.92000008      -3.61084938E-02
  -4.88000011      0.171297789    
  -4.84000015      0.375270844    
  -4.80000019      0.575482845    
  -4.76000023      0.771588087    
  -4.72000027      0.963252783    
  -4.68000031       1.15018487    
  -4.64000034       1.33209825    
  -4.59999990       1.50866508    
  -4.55999994       1.67963505    
  -4.51999998       1.84478164    
  -4.48000002       2.00382471    
  -4.44000006       2.15654373    
  -4.40000010       2.30274200    
  -4.36000013       2.44221091    
  -4.32000017       2.57477164    
  -4.28000021       2.70025730    
  -4.24000025       2.81851602    
  -4.20000029       2.92941928    
  -4.16000032       3.03285122    
  -4.12000036       3.12872839    
  -4.07999992       3.21692538    
  -4.03999996       3.29737663    
  -4.00000000       3.37007046    
  -3.96000004       3.43495321    
  -3.92000008       3.49200678    
  -3.88000011       3.54122519    
  -3.84000015       3.58262372    
  -3.80000019       3.61624074    
  -3.76000023       3.64211202    
  -3.72000027       3.66030335    
  -3.68000031       3.67089224    
  -3.64000034       3.67396474    
  -3.60000038       3.66965532    
  -3.55999994       3.65803695    
  -3.51999998       3.63924503    
  -3.48000002       3.61347198    
  -3.44000006       3.58085489    
  -3.40000010       3.54157019    
  -3.36000013       3.49580359    
  -3.32000017       3.44374943    
  -3.28000021       3.38561964    
  -3.24000025       3.32163239    
  -3.20000029       3.25201654    
  -3.16000032       3.17701149    
  -3.12000036       3.09688306    
  -3.07999992       3.01185107    
  -3.03999996       2.92217898    
  -3.00000000       2.82817554    
  -2.96000004       2.73009992    
  -2.92000008       2.62823248    
  -2.88000011       2.52286339    
  -2.84000015       2.41428614    
  -2.80000019       2.30279708    
  -2.76000023       2.18869591    
  -2.72000027       2.07228208    
  -2.68000031       1.95386410    
  -2.64000034       1.83374286    
  -2.60000038       1.71223581    
  -2.55999994       1.58963060    
  -2.51999998       1.46622515    
  -2.48000002       1.34235179    
  -2.44000006       1.21829510    
  -2.40000010       1.09434879    
  -2.36000013      0.970815122    
  -2.32000017      0.847981870    
  -2.28000021      0.726133585    
  -2.24000025      0.605551898    
  -2.20000029      0.486508012    
  -2.16000032      0.369271636    
  -2.12000036      0.254103541    
  -2.08000040      0.141258538    
  -2.03999996       3.09795141E-02
  -2.00000000      -7.64980912E-02
  -1.96000004     -0.180943310    
  -1.92000008     -0.282141566    
  -1.88000011     -0.379882753    
  -1.84000015     -0.473968685    
  -1.80000019     -0.564213097    
  -1.76000023     -0.650438666    
  -1.72000027     -0.732485950    
  -1.68000031     -0.810198486    
  -1.64000034     -0.883433223    
  -1.60000038     -0.952066481    
  -1.56000042      -1.01597762    
  -1.52000046      -1.07506514    
  -1.48000050      -1.12924135    
  -1.44000053      -1.17842412    
  -1.40000057      -1.22254944    
  -1.36000061      -1.26156962    
  -1.32000065      -1.29545927    
  -1.27999973      -1.32416189    
  -1.23999977      -1.34766555    
  -1.19999981      -1.36600435    
  -1.15999985      -1.37917995    
  -1.11999989      -1.38721395    
  -1.07999992      -1.39014947    
  -1.03999996      -1.38804245    
  -1.00000000      -1.38095546    
 -0.960000038      -1.36896670    
 -0.920000076      -1.35216939    
 -0.880000114      -1.33066475    
 -0.840000153      -1.30456614    
 -0.800000191      -1.27399790    
 -0.760000229      -1.23909783    
 -0.720000267      -1.20001292    
 -0.680000305      -1.15689707    
 -0.640000343      -1.10992122    
 -0.600000381      -1.05925989    
 -0.560000420      -1.00509715    
 -0.520000458     -0.947628200    
 -0.480000496     -0.887053847    
 -0.440000534     -0.823583484    
 -0.400000572     -0.757433295    
 -0.360000610     -0.688825846    
 -0.320000648     -0.617989898    
 -0.280000687     -0.545164764    
 -0.239999771     -0.470577061    
 -0.199999809     -0.394470721    
 -0.159999847     -0.317104459    
 -0.119999886     -0.238721281    
  -7.99999237E-02 -0.159573346    
  -3.99999619E-02  -7.99145401E-02
   0.00000000       0.00000000    
   3.99999619E-02   7.99145401E-02
   7.99999237E-02  0.159573346    
  0.119999886      0.238721281    
  0.159999847      0.317104459    
  0.199999809      0.394470721    
  0.239999771      0.470570534    
  0.279999733      0.545157433    
  0.319999695      0.617988229    
  0.359999657      0.688824058    
  0.399999619      0.757431626    
  0.439999580      0.823581994    
  0.479999542      0.887052178    
  0.519999504      0.947626889    
  0.559999466       1.00509596    
  0.599999428       1.05925834    
  0.639999390       1.10992050    
  0.679999352       1.15689635    
  0.719999313       1.20002627    
  0.760000229       1.23911202    
  0.800000191       1.27399790    
  0.840000153       1.30456614    
  0.880000114       1.33066475    
  0.920000076       1.35216939    
  0.960000038       1.36896670    
   1.00000000       1.38095546    
   1.03999996       1.38804245    
   1.07999992       1.39014947    
   1.11999989       1.38721395    
   1.15999985       1.37917995    
   1.19999981       1.36600435    
   1.23999977       1.34766555    
   1.27999973       1.32414699    
   1.31999969       1.29544294    
   1.35999966       1.26156962    
   1.39999962       1.22255242    
   1.43999958       1.17842412    
   1.47999954       1.12924135    
   1.51999950       1.07506812    
   1.55999947       1.01598060    
   1.59999943      0.952066481    
   1.63999939      0.883434713    
   1.67999935      0.810201466    
   1.71999931      0.732487440    
   1.75999928      0.650447607    
   1.80000019      0.564220548    
   1.84000015      0.473968685    
   1.88000011      0.379882753    
   1.92000008      0.282141566    
   1.96000004      0.180943310    
   2.00000000       7.64980912E-02
   2.03999996      -3.09780240E-02
   2.07999992     -0.141257048    
   2.11999989     -0.254103541    
   2.15999985     -0.369270146    
   2.19999981     -0.486506522    
   2.23999977     -0.605551898    
   2.27999973     -0.726130605    
   2.31999969     -0.847978890    
   2.35999966     -0.970816612    
   2.39999962      -1.09434879    
   2.43999958      -1.21828914    
   2.47999954      -1.34234881    
   2.51999950      -1.46622658    
   2.55999947      -1.58961868    
   2.59999943      -1.71222389    
   2.63999939      -1.83373988    
   2.67999935      -1.95386112    
   2.71999931      -2.07227921    
   2.75999928      -2.18869233    
   2.79999924      -2.30282402    
   2.84000015      -2.41431379    
   2.88000011      -2.52286339    
   2.92000008      -2.62823248    
   2.96000004      -2.73009992    
   3.00000000      -2.82817554    
   3.03999996      -2.92217898    
   3.07999992      -3.01183271    
   3.11999989      -3.09686422    
   3.15999985      -3.17701030    
   3.19999981      -3.25201559    
   3.23999977      -3.32163143    
   3.27999973      -3.38561916    
   3.31999969      -3.44374895    
   3.35999966      -3.49580216    
   3.39999962      -3.54157019    
   3.43999958      -3.58085561    
   3.47999954      -3.61347198    
   3.51999950      -3.63924503    
   3.55999947      -3.65801311    
   3.59999943      -3.66963148    
   3.63999939      -3.67396474    
   3.67999935      -3.67088914    
   3.71999931      -3.66030335    
   3.75999928      -3.64211512    
   3.79999924      -3.61628532    
   3.84000015      -3.58266830    
   3.88000011      -3.54122519    
   3.92000008      -3.49200678    
   3.96000004      -3.43495321    
   4.00000000      -3.37007046    
   4.03999996      -3.29737663    
   4.07999992      -3.21690750    
   4.11999989      -3.12870741    
   4.15999985      -3.03285122    
   4.19999981      -2.92942238    
   4.23999977      -2.81851888    
   4.27999973      -2.70026040    
   4.31999969      -2.57476878    
   4.35999966      -2.44221401    
   4.39999962      -2.30274796    
   4.43999958      -2.15654969    
   4.47999954      -2.00382471    
   4.51999950      -1.84477568    
   4.55999947      -1.67964101    
   4.59999943      -1.50865912    
   4.63999939      -1.33208632    
   4.67999935      -1.15019083    
   4.71999931     -0.963258743    
   4.75999928     -0.771588087    
   4.79999924     -0.575488806    
   4.83999920     -0.375282764    
   4.88000011     -0.171303749    
   4.92000008       3.61084938E-02
   4.96000004      0.246590376    
   5.00000000      0.459778309    
   5.03999996      0.675290823    
   5.07999992      0.892752409    
   5.11999989       1.11178160    
   5.15999985       1.33195519    
   5.19999981       1.55288577    
   5.23999977       1.77416205    
   5.27999973       1.99535489    
   5.31999969       2.21605897    
   5.35999966       2.43583918    
   5.39999962       2.65427232    
   5.43999958       2.87093830    
   5.47999954       3.08539581    
   5.51999950       3.29721570    
   5.55999947       3.50597811    
   5.59999943       3.71124458    
   5.63999939       3.91258907    
   5.67999935       4.10959721    
   5.71999931       4.30184317    
   5.75999928       4.48891830    
   5.79999924       4.67040825    
   5.83999920       4.84596777    
   5.88000011       5.01508999    
   5.92000008       5.17738771    
   5.96000004       5.33259821    
   6.00000000       5.48022270    
   6.03999901       5.62010717    
   6.07999992       5.75170231    
   6.11999893       5.87474585    
   6.15999985       5.98890638    
   6.19999886       6.09388447    
   6.23999977       6.18937397    
   6.27999878       6.27510405    
   6.31999969       6.35080194    
   6.35999870       6.41622543    
   6.39999962       6.47129154    
   6.44000053       6.51532412    
   6.47999954       6.54859114    
   6.52000046       6.57075214    
   6.55999947       6.58165073    
   6.60000038       6.58114862    
   6.63999939       6.56912327    
   6.68000031       6.54546928    
   6.71999931       6.51010275    
   6.76000023       6.46297646    
   6.79999924       6.40403938    
   6.84000015       6.33327675    
   6.87999916       6.25069141    
   6.92000008       6.15631342    
   6.95999908       6.05017567    
   7.00000000       5.93236685    
   7.03999901       5.80295944    
   7.07999992       5.66207790    
   7.11999893       5.50984144    
   7.15999985       5.34642363    
   7.19999886       5.17199039    
   7.23999977       4.98675108    
   7.27999878       4.79090834    
   7.31999969       4.58472967    
   7.35999870       4.36845446    
   7.39999962       4.14246941    
   7.44000053       3.90679240    
   7.47999954       3.66203189    
   7.52000046       3.40844393    
   7.55999947       3.14636827    
   7.60000038       2.87621021    
   7.63999939       2.59834528    
   7.68000031       2.31321454    
   7.71999931       2.02121139    
   7.76000023       1.72282457    
   7.79999924       1.41848326    
   7.84000015       1.10868812    
   7.87999916      0.793910027    
   7.92000008      0.474685431    
   7.95999908      0.151491165    
   8.00000000     -0.175112486    
   8.03999901     -0.504618883    
   8.07999992     -0.836443901    
   8.11999893      -1.17005706    
   8.15999985      -1.50487423    
   8.19999886      -1.84034705    
   8.23999977      -2.17586756    
   8.27999878      -2.51088738    
   8.31999969      -2.84479260    
   8.35999870      -3.17701101    
   8.39999962      -3.50701809    
   8.44000053      -3.83399725    
   8.47999954      -4.15758514    
   8.52000046      -4.47708988    
   8.55999947      -4.79198122    
   8.60000038      -5.10161543    
   8.63999939      -5.40545607    
   8.68000031      -5.70289516    
   8.71999931      -5.99338436    
   8.76000023      -6.27635717    
   8.79999924      -6.55126572    
   8.84000015      -6.81754351    
   8.87999916      -7.07470179    
   8.92000008      -7.32219219    
   8.95999908      -7.55952597    
   9.00000000      -7.78618765    
   9.03999901      -8.00171852    
   9.07999992      -8.20563793    
   9.11999893      -8.39752293    
   9.15999985      -8.57692337    
   9.19999886      -8.74344921    
   9.23999977      -8.89669228    
   9.27999878      -9.03629589    
   9.31999969      -9.16190052    
   9.35999870      -9.27318764    
   9.39999962      -9.36984158    
   9.43999863      -9.45158958    
   9.47999954      -9.51839256    
   9.52000046      -9.56933784    
   9.55999947      -9.60489750    
   9.60000038      -9.62466145    
   9.63999939      -9.62847042    
   9.68000031      -9.61618996    
   9.71999931      -9.58771992    
   9.76000023      -9.54298115    
   9.79999924      -9.48191929    
   9.84000015      -9.40452576    
   9.87999916      -9.31079388    
   9.92000008      -9.20075798    
   9.95999908      -9.08213902    
