  -10.0000000      -5.44021130    
  -9.96000004      -5.07991934    
  -9.92000008      -4.71425295    
  -9.88000011      -4.34385920    
  -9.84000015      -3.96938944    
  -9.80000019      -3.59149718    
  -9.76000023      -3.21083593    
  -9.72000027      -2.82805872    
  -9.68000031      -2.44381833    
  -9.64000034      -2.05876350    
  -9.60000038      -1.67354071    
  -9.56000042      -1.28879082    
  -9.52000046     -0.905148923    
  -9.47999954     -0.523234546    
  -9.43999958     -0.143686533    
  -9.39999962      0.232892573    
  -9.35999966      0.605900943    
  -9.31999969      0.974747598    
  -9.27999973       1.33885324    
  -9.23999977       1.69765127    
  -9.19999981       2.05058885    
  -9.15999985       2.39712715    
  -9.11999989       2.73674321    
  -9.07999992       3.06892896    
  -9.03999996       3.39319444    
  -9.00000000       3.70906639    
  -8.96000004       4.01608992    
  -8.92000008       4.31382847    
  -8.88000011       4.60186577    
  -8.84000015       4.87980461    
  -8.80000019       5.14726973    
  -8.76000023       5.40390587    
  -8.72000027       5.64937878    
  -8.68000031       5.88337660    
  -8.64000034       6.10561037    
  -8.60000038       6.31581306    
  -8.56000042       6.51374006    
  -8.52000046       6.69917154    
  -8.47999954       6.87191248    
  -8.44000053       7.03177834    
  -8.39999962       7.17863226    
  -8.35999966       7.31233692    
  -8.31999969       7.43279314    
  -8.27999973       7.53992081    
  -8.23999977       7.63366413    
  -8.19999981       7.71399117    
  -8.15999985       7.78089190    
  -8.11999989       7.83438158    
  -8.07999992       7.87449646    
  -8.03999996       7.90129757    
  -8.00000000       7.91486597    
  -7.96000004       7.91530704    
  -7.92000008       7.90274668    
  -7.88000011       7.87733316    
  -7.84000015       7.83923388    
  -7.80000019       7.78863859    
  -7.76000023       7.72575521    
  -7.72000027       7.65081310    
  -7.68000031       7.56405830    
  -7.64000034       7.46575689    
  -7.60000038       7.35619068    
  -7.55999994       7.23565865    
  -7.51999998       7.10447979    
  -7.48000002       6.96298361    
  -7.44000006       6.81151676    
  -7.40000010       6.65044069    
  -7.36000013       6.48012733    
  -7.32000017       6.30096436    
  -7.27999973       6.11334705    
  -7.23999977       5.91768932    
  -7.19999981       5.71440744    
  -7.15999985       5.50393009    
  -7.11999989       5.28669357    
  -7.07999992       5.06314278    
  -7.03999996       4.83372784    
  -7.00000000       4.59890604    
  -6.96000004       4.35913849    
  -6.92000008       4.11489201    
  -6.88000011       3.86663413    
  -6.84000015       3.61483669    
  -6.80000019       3.35997200    
  -6.76000023       3.10251355    
  -6.72000027       2.84293413    
  -6.68000031       2.58170533    
  -6.64000034       2.31929660    
  -6.60000038       2.05617547    
  -6.56000042       1.79280484    
  -6.51999998       1.52964020    
  -6.48000002       1.26714158    
  -6.44000006       1.00575316    
  -6.40000010      0.745915532    
  -6.36000013      0.488061994    
  -6.32000017      0.232617408    
  -6.27999973      -2.00053714E-02
  -6.23999977     -0.269393981    
  -6.19999981     -0.515155435    
  -6.15999985     -0.756904721    
  -6.11999989     -0.994268239    
  -6.07999992      -1.22688437    
  -6.03999996      -1.45440459    
  -6.00000000      -1.67649293    
  -5.96000004      -1.89282775    
  -5.92000008      -2.10310078    
  -5.88000011      -2.30701876    
  -5.84000015      -2.50430346    
  -5.80000019      -2.69469190    
  -5.76000023      -2.87793612    
  -5.72000027      -3.05380535    
  -5.68000031      -3.22208428    
  -5.63999987      -3.38257527    
  -5.59999990      -3.53509355    
  -5.55999994      -3.67947531    
  -5.51999998      -3.81557178    
  -5.48000002      -3.94325256    
  -5.44000006      -4.06240368    
  -5.40000010      -4.17292786    
  -5.36000013      -4.27474594    
  -5.32000017      -4.36779547    
  -5.28000021      -4.45203066    
  -5.24000025      -4.52742386    
  -5.20000029      -4.59396362    
  -5.16000032      -4.65165520    
  -5.11999989      -4.70052099    
  -5.07999992      -4.74059820    
  -5.03999996      -4.77194118    
  -5.00000000      -4.79462147    
  -4.96000004      -4.80872345    
  -4.92000008      -4.81434870    
  -4.88000011      -4.81161213    
  -4.84000015      -4.80064487    
  -4.80000019      -4.78159046    
  -4.76000023      -4.75460625    
  -4.72000027      -4.71986341    
  -4.68000031      -4.67754602    
  -4.64000034      -4.62784863    
  -4.59999990      -4.57097816    
  -4.55999994      -4.50715542    
  -4.51999998      -4.43660736    
  -4.48000002      -4.35957289    
  -4.44000006      -4.27630138    
  -4.40000010      -4.18704939    
  -4.36000013      -4.09208202    
  -4.32000017      -3.99167252    
  -4.28000021      -3.88610029    
  -4.24000025      -3.77565193    
  -4.20000029      -3.66061902    
  -4.16000032      -3.54129839    
  -4.12000036      -3.41799092    
  -4.07999992      -3.29100013    
  -4.03999996      -3.16063690    
  -4.00000000      -3.02721000    
  -3.96000004      -2.89103127    
  -3.92000008      -2.75241375    
  -3.88000011      -2.61167073    
  -3.84000015      -2.46911573    
  -3.80000019      -2.32506084    
  -3.76000023      -2.17981648    
  -3.72000027      -2.03369188    
  -3.68000031      -1.88699222    
  -3.64000034      -1.74002051    
  -3.60000038      -1.59307504    
  -3.55999994      -1.44644809    
  -3.51999998      -1.30043209    
  -3.48000002      -1.15530849    
  -3.44000006      -1.01135433    
  -3.40000010     -0.868840098    
  -3.36000013     -0.728028715    
  -3.32000017     -0.589175820    
  -3.28000021     -0.452528775    
  -3.24000025     -0.318326265    
  -3.20000029     -0.186798185    
  -3.16000032      -5.81649616E-02
  -3.12000036       6.73627183E-02
  -3.07999992      0.189585686    
  -3.03999996      0.308310807    
  -3.00000000      0.423359990    
  -2.96000004      0.534564853    
  -2.92000008      0.641767979    
  -2.88000011      0.744823456    
  -2.84000015      0.843597054    
  -2.80000019      0.937966347    
  -2.76000023       1.02782083    
  -2.72000027       1.11306202    
  -2.68000031       1.19360340    
  -2.64000034       1.26937115    
  -2.60000038       1.34030282    
  -2.55999994       1.40635002    
  -2.51999998       1.46747327    
  -2.48000002       1.52364802    
  -2.44000006       1.57486141    
  -2.40000010       1.62111163    
  -2.36000013       1.66240931    
  -2.32000017       1.69877684    
  -2.28000021       1.73024786    
  -2.24000025       1.75686753    
  -2.20000029       1.77869201    
  -2.16000032       1.79578817    
  -2.12000036       1.80823374    
  -2.08000040       1.81611645    
  -2.03999996       1.81953442    
  -2.00000000       1.81859481    
  -1.96000004       1.81341457    
  -1.92000008       1.80411935    
  -1.88000011       1.79084325    
  -1.84000015       1.77372873    
  -1.80000019       1.75292575    
  -1.76000023       1.72859168    
  -1.72000027       1.70089066    
  -1.68000031       1.66999280    
  -1.64000034       1.63607478    
  -1.60000038       1.59931815    
  -1.56000042       1.55990946    
  -1.52000046       1.51803994    
  -1.48000050       1.47390425    
  -1.44000053       1.42770064    
  -1.40000057       1.37963033    
  -1.36000061       1.32989669    
  -1.32000065       1.27870476    
  -1.27999973       1.22625995    
  -1.23999977       1.17277181    
  -1.19999981       1.11844671    
  -1.15999985       1.06349146    
  -1.11999989       1.00811231    
  -1.07999992      0.952514350    
  -1.03999996      0.896900356    
  -1.00000000      0.841470957    
 -0.960000038      0.786423922    
 -0.920000076      0.731953621    
 -0.880000114      0.678250372    
 -0.840000153      0.625500441    
 -0.800000191      0.573885083    
 -0.760000229      0.523580611    
 -0.720000267      0.474757254    
 -0.680000305      0.427579582    
 -0.640000343      0.382205486    
 -0.600000381      0.338785887    
 -0.560000420      0.297464699    
 -0.520000458      0.258378118    
 -0.480000496      0.221654445    
 -0.440000534      0.187413812    
 -0.400000572      0.155767769    
 -0.360000610      0.126819149    
 -0.320000648      0.100661702    
 -0.280000687       7.73799568E-02
 -0.239999771       5.70485219E-02
 -0.199999809       3.97337936E-02
 -0.159999847       2.54908651E-02
 -0.119999886       1.43654374E-02
  -7.99999237E-02   6.39316300E-03
  -3.99999619E-02   1.59957027E-03
   0.00000000       0.00000000    
   3.99999619E-02   1.59957027E-03
   7.99999237E-02   6.39316300E-03
  0.119999886       1.43654374E-02
  0.159999847       2.54908651E-02
  0.199999809       3.97337936E-02
  0.239999771       5.70485219E-02
  0.279999733       7.73794353E-02
  0.319999695      0.100661114    
  0.359999657      0.126818493    
  0.399999619      0.155767038    
  0.439999580      0.187413022    
  0.479999542      0.221653596    
  0.519999504      0.258377194    
  0.559999466      0.297463745    
  0.599999428      0.338784873    
  0.639999390      0.382204413    
  0.679999352      0.427578509    
  0.719999313      0.474756122    
  0.760000229      0.523580611    
  0.800000191      0.573885083    
  0.840000153      0.625500441    
  0.880000114      0.678250372    
  0.920000076      0.731953621    
  0.960000038      0.786423922    
   1.00000000      0.841470957    
   1.03999996      0.896900356    
   1.07999992      0.952514350    
   1.11999989       1.00811231    
   1.15999985       1.06349146    
   1.19999981       1.11844671    
   1.23999977       1.17277181    
   1.27999973       1.22625995    
   1.31999969       1.27870357    
   1.35999966       1.32989538    
   1.39999962       1.37962914    
   1.43999958       1.42769957    
   1.47999954       1.47390306    
   1.51999950       1.51803887    
   1.55999947       1.55990851    
   1.59999943       1.59931731    
   1.63999939       1.63607383    
   1.67999935       1.66999209    
   1.71999931       1.70088995    
   1.75999928       1.72859108    
   1.80000019       1.75292575    
   1.84000015       1.77372873    
   1.88000011       1.79084325    
   1.92000008       1.80411935    
   1.96000004       1.81341457    
   2.00000000       1.81859481    
   2.03999996       1.81953442    
   2.07999992       1.81611657    
   2.11999989       1.80823386    
   2.15999985       1.79578829    
   2.19999981       1.77869225    
   2.23999977       1.75686777    
   2.27999973       1.73024809    
   2.31999969       1.69877732    
   2.35999966       1.66240978    
   2.39999962       1.62111199    
   2.43999958       1.57486188    
   2.47999954       1.52364886    
   2.51999950       1.46747398    
   2.55999947       1.40635073    
   2.59999943       1.34030449    
   2.63999939       1.26937282    
   2.67999935       1.19360530    
   2.71999931       1.11306393    
   2.75999928       1.02782297    
   2.79999924      0.937968552    
   2.84000015      0.843597054    
   2.88000011      0.744823456    
   2.92000008      0.641767979    
   2.96000004      0.534564853    
   3.00000000      0.423359990    
   3.03999996      0.308310807    
   3.07999992      0.189585686    
   3.11999989       6.73642009E-02
   3.15999985      -5.81634454E-02
   3.19999981     -0.186796635    
   3.23999977     -0.318324685    
   3.27999973     -0.452527136    
   3.31999969     -0.589174211    
   3.35999966     -0.728027046    
   3.39999962     -0.868838370    
   3.43999958      -1.01135266    
   3.47999954      -1.15530682    
   3.51999950      -1.30043042    
   3.55999947      -1.44644642    
   3.59999943      -1.59307146    
   3.63999939      -1.74001694    
   3.67999935      -1.88698864    
   3.71999931      -2.03368807    
   3.75999928      -2.17981291    
   3.79999924      -2.32505727    
   3.84000015      -2.46911573    
   3.88000011      -2.61167073    
   3.92000008      -2.75241375    
   3.96000004      -2.89103127    
   4.00000000      -3.02721000    
   4.03999996      -3.16063690    
   4.07999992      -3.29100013    
   4.11999989      -3.41798949    
   4.15999985      -3.54129672    
   4.19999981      -3.66061759    
   4.23999977      -3.77565050    
   4.27999973      -3.88609910    
   4.31999969      -3.99167132    
   4.35999966      -4.09208059    
   4.39999962      -4.18704844    
   4.43999958      -4.27630043    
   4.47999954      -4.35957241    
   4.51999950      -4.43660641    
   4.55999947      -4.50715446    
   4.59999943      -4.57097769    
   4.63999939      -4.62784719    
   4.67999935      -4.67754459    
   4.71999931      -4.71986246    
   4.75999928      -4.75460529    
   4.79999924      -4.78158951    
   4.83999920      -4.80064440    
   4.88000011      -4.81161213    
   4.92000008      -4.81434870    
   4.96000004      -4.80872345    
   5.00000000      -4.79462147    
   5.03999996      -4.77194118    
   5.07999992      -4.74059820    
   5.11999989      -4.70052099    
   5.15999985      -4.65165567    
   5.19999981      -4.59396458    
   5.23999977      -4.52742481    
   5.27999973      -4.45203161    
   5.31999969      -4.36779642    
   5.35999966      -4.27474689    
   5.39999962      -4.17292929    
   5.43999958      -4.06240511    
   5.47999954      -3.94325423    
   5.51999950      -3.81557345    
   5.55999947      -3.67947698    
   5.59999943      -3.53509521    
   5.63999939      -3.38257742    
   5.67999935      -3.22208810    
   5.71999931      -3.05380964    
   5.75999928      -2.87794065    
   5.79999924      -2.69469619    
   5.83999920      -2.50430799    
   5.88000011      -2.30701876    
   5.92000008      -2.10310078    
   5.96000004      -1.89282775    
   6.00000000      -1.67649293    
   6.03999901      -1.45440996    
   6.07999992      -1.22688437    
   6.11999893     -0.994273782    
   6.15999985     -0.756904721    
   6.19999886     -0.515161276    
   6.23999977     -0.269393981    
   6.27999878      -2.00113580E-02
   6.31999969      0.232614368    
   6.35999870      0.488052815    
   6.39999962      0.745912433    
   6.44000053       1.00575614    
   6.47999954       1.26713836    
   6.52000046       1.52964342    
   6.55999947       1.79279852    
   6.60000038       2.05617547    
   6.63999939       2.31929040    
   6.68000031       2.58170533    
   6.71999931       2.84292793    
   6.76000023       3.10251355    
   6.79999924       3.35996604    
   6.84000015       3.61483669    
   6.87999916       3.86662817    
   6.92000008       4.11489201    
   6.95999908       4.35913324    
   7.00000000       4.59890604    
   7.03999901       4.83372259    
   7.07999992       5.06314278    
   7.11999893       5.28668880    
   7.15999985       5.50393009    
   7.19999886       5.71440268    
   7.23999977       5.91768932    
   7.27999878       6.11334276    
   7.31999969       6.30096197    
   7.35999870       6.48012114    
   7.39999962       6.65043831    
   7.44000053       6.81151867    
   7.47999954       6.96298170    
   7.52000046       7.10448122    
   7.55999947       7.23565722    
   7.60000038       7.35619068    
   7.63999939       7.46575403    
   7.68000031       7.56405830    
   7.71999931       7.65081120    
   7.76000023       7.72575521    
   7.79999924       7.78863716    
   7.84000015       7.83923388    
   7.87999916       7.87733221    
   7.92000008       7.90274668    
   7.95999908       7.91530704    
   8.00000000       7.91486597    
   8.03999901       7.90129805    
   8.07999992       7.87449646    
   8.11999893       7.83438253    
   8.15999985       7.78089190    
   8.19999886       7.71399260    
   8.23999977       7.63366413    
   8.27999878       7.53992319    
   8.31999969       7.43279314    
   8.35999870       7.31233978    
   8.39999962       7.17863226    
   8.44000053       7.03177834    
   8.47999954       6.87191248    
   8.52000046       6.69917154    
   8.55999947       6.51374531    
   8.60000038       6.31581306    
   8.63999939       6.10561609    
   8.68000031       5.88337660    
   8.71999931       5.64938450    
   8.76000023       5.40390587    
   8.79999924       5.14727592    
   8.84000015       4.87980461    
   8.87999916       4.60187244    
   8.92000008       4.31382847    
   8.95999908       4.01609707    
   9.00000000       3.70906639    
   9.03999901       3.39320207    
   9.07999992       3.06892896    
   9.11999893       2.73675108    
   9.15999985       2.39712715    
   9.19999886       2.05059719    
   9.23999977       1.69765127    
   9.27999878       1.33886182    
   9.31999969      0.974747598    
   9.35999870      0.605909765    
   9.39999962      0.232892573    
   9.43999863     -0.143677518    
   9.47999954     -0.523234546    
   9.52000046     -0.905148923    
   9.55999947      -1.28878152    
   9.60000038      -1.67354071    
   9.63999939      -2.05875444    
   9.68000031      -2.44381833    
   9.71999931      -2.82804966    
   9.76000023      -3.21083593    
   9.79999924      -3.59148812    
   9.84000015      -3.96938944    
   9.87999916      -4.34385014    
   9.92000008      -4.71425295    
   9.95999908      -5.07991076    
