   5.00500482E-03   4.98001743E-03
   1.00100096E-02   9.91030969E-03
   1.50150154E-02   1.47912493E-02
   2.00200193E-02   1.96232051E-02
   2.50250250E-02   2.44065449E-02
   3.00300308E-02   2.91416347E-02
   3.50350365E-02   3.38288359E-02
   4.00400385E-02   3.84685099E-02
   4.50450443E-02   4.30610143E-02
   5.00500500E-02   4.76067029E-02
   5.50550558E-02   5.21059297E-02
   6.00600615E-02   5.65590449E-02
   6.50650635E-02   6.09663986E-02
   7.00700730E-02   6.53283298E-02
   7.50750750E-02   6.96451813E-02
   8.00800771E-02   7.39172995E-02
   8.50850865E-02   7.81450272E-02
   9.00900885E-02   8.23286995E-02
   9.50950980E-02   8.64686519E-02
  0.100100100       9.05652121E-02
  0.105105102       9.46187153E-02
  0.110110112       9.86294895E-02
  0.115115114      0.102597855    
  0.120120123      0.106524140    
  0.125125125      0.110408664    
  0.130130127      0.114251748    
  0.135135129      0.118053705    
  0.140140146      0.121814854    
  0.145145148      0.125535503    
  0.150150150      0.129215971    
  0.155155152      0.132856563    
  0.160160154      0.136457577    
  0.165165171      0.140019327    
  0.170170173      0.143542111    
  0.175175175      0.147026226    
  0.180180177      0.150471970    
  0.185185179      0.153879642    
  0.190190196      0.157249540    
  0.195195198      0.160581961    
  0.200200200      0.163877189    
  0.205205202      0.167135507    
  0.210210204      0.170357212    
  0.215215221      0.173542589    
  0.220220223      0.176691920    
  0.225225225      0.179805472    
  0.230230227      0.182883531    
  0.235235229      0.185926378    
  0.240240246      0.188934281    
  0.245245248      0.191907510    
  0.250250250      0.194846347    
  0.255255252      0.197751060    
  0.260260254      0.200621918    
  0.265265256      0.203459188    
  0.270270258      0.206263125    
  0.275275290      0.209033996    
  0.280280292      0.211772054    
  0.285285294      0.214477569    
  0.290290296      0.217150792    
  0.295295298      0.219791979    
  0.300300300      0.222401381    
  0.305305302      0.224979252    
  0.310310304      0.227525845    
  0.315315306      0.230041400    
  0.320320308      0.232526168    
  0.325325340      0.234980389    
  0.330330342      0.237404317    
  0.335335344      0.239798188    
  0.340340346      0.242162243    
  0.345345348      0.244496718    
  0.350350350      0.246801853    
  0.355355352      0.249077871    
  0.360360354      0.251325011    
  0.365365356      0.253543526    
  0.370370358      0.255733639    
  0.375375390      0.257895559    
  0.380380392      0.260029525    
  0.385385394      0.262135744    
  0.390390396      0.264214456    
  0.395395398      0.266265869    
  0.400400400      0.268290222    
  0.405405402      0.270287722    
  0.410410404      0.272258580    
  0.415415406      0.274203032    
  0.420420408      0.276121289    
  0.425425440      0.278013557    
  0.430430442      0.279880047    
  0.435435444      0.281720966    
  0.440440446      0.283536524    
  0.445445448      0.285326928    
  0.450450450      0.287092388    
  0.455455452      0.288833112    
  0.460460454      0.290549308    
  0.465465456      0.292241156    
  0.470470458      0.293908864    
  0.475475490      0.295552641    
  0.480480492      0.297172666    
  0.485485494      0.298769146    
  0.490490496      0.300342292    
  0.495495498      0.301892281    
  0.500500500      0.303419322    
  0.505505502      0.304923594    
  0.510510504      0.306405276    
  0.515515506      0.307864577    
  0.520520508      0.309301674    
  0.525525510      0.310716748    
  0.530530512      0.312109977    
  0.535535514      0.313481539    
  0.540540516      0.314831614    
  0.545545518      0.316160411    
  0.550550580      0.317468107    
  0.555555582      0.318754852    
  0.560560584      0.320020825    
  0.565565586      0.321266204    
  0.570570588      0.322491169    
  0.575575590      0.323695898    
  0.580580592      0.324880570    
  0.585585594      0.326045334    
  0.590590596      0.327190369    
  0.595595598      0.328315854    
  0.600600600      0.329421937    
  0.605605602      0.330508798    
  0.610610604      0.331576586    
  0.615615606      0.332625479    
  0.620620608      0.333655626    
  0.625625610      0.334667206    
  0.630630612      0.335660368    
  0.635635614      0.336635262    
  0.640640616      0.337592065    
  0.645645618      0.338530928    
  0.650650680      0.339451998    
  0.655655682      0.340355426    
  0.660660684      0.341241360    
  0.665665686      0.342109978    
  0.670670688      0.342961431    
  0.675675690      0.343795866    
  0.680680692      0.344613433    
  0.685685694      0.345414281    
  0.690690696      0.346198529    
  0.695695698      0.346966326    
  0.700700700      0.347717822    
  0.705705702      0.348453164    
  0.710710704      0.349172503    
  0.715715706      0.349875987    
  0.720720708      0.350563735    
  0.725725710      0.351235896    
  0.730730712      0.351892620    
  0.735735714      0.352534026    
  0.740740716      0.353160262    
  0.745745718      0.353771448    
  0.750750780      0.354367733    
  0.755755782      0.354949236    
  0.760760784      0.355516106    
  0.765765786      0.356068462    
  0.770770788      0.356606454    
  0.775775790      0.357130200    
  0.780780792      0.357639819    
  0.785785794      0.358135462    
  0.790790796      0.358617246    
  0.795795798      0.359085292    
  0.800800800      0.359539717    
  0.805805802      0.359980643    
  0.810810804      0.360408217    
  0.815815806      0.360822558    
  0.820820808      0.361223787    
  0.825825810      0.361612022    
  0.830830812      0.361987382    
  0.835835814      0.362349987    
  0.840840816      0.362699956    
  0.845845819      0.363037407    
  0.850850880      0.363362461    
  0.855855882      0.363675237    
  0.860860884      0.363975823    
  0.865865886      0.364264339    
  0.870870888      0.364540905    
  0.875875890      0.364805639    
  0.880880892      0.365058631    
  0.885885894      0.365300000    
  0.890890896      0.365529865    
  0.895895898      0.365748346    
  0.900900900      0.365955532    
  0.905905902      0.366151541    
  0.910910904      0.366336465    
  0.915915906      0.366510421    
  0.920920908      0.366673499    
  0.925925910      0.366825819    
  0.930930912      0.366967469    
  0.935935915      0.367098570    
  0.940940917      0.367219210    
  0.945945919      0.367329508    
  0.950950980      0.367429554    
  0.955955982      0.367519438    
  0.960960984      0.367599279    
  0.965965986      0.367669165    
  0.970970988      0.367729187    
  0.975975990      0.367779434    
  0.980980992      0.367820024    
  0.985985994      0.367851049    
  0.990990996      0.367872596    
  0.995995998      0.367884755    
   1.00100100      0.367887616    
   1.00600600      0.367881268    
   1.01101100      0.367865801    
   1.01601601      0.367841333    
   1.02102101      0.367807955    
   1.02602601      0.367765754    
   1.03103101      0.367714822    
   1.03603601      0.367655247    
   1.04104102      0.367587090    
   1.04604602      0.367510438    
   1.05105102      0.367425382    
   1.05605602      0.367332011    
   1.06106102      0.367230415    
   1.06606603      0.367120683    
   1.07107103      0.367002904    
   1.07607603      0.366877139    
   1.08108103      0.366743475    
   1.08608603      0.366602004    
   1.09109104      0.366452813    
   1.09609604      0.366295964    
   1.10110116      0.366131544    
   1.10610616      0.365959644    
   1.11111116      0.365780324    
   1.11611617      0.365593672    
   1.12112117      0.365399778    
   1.12612617      0.365198702    
   1.13113117      0.364990532    
   1.13613617      0.364775330    
   1.14114118      0.364553183    
   1.14614618      0.364324152    
   1.15115118      0.364088327    
   1.15615618      0.363845766    
   1.16116118      0.363596559    
   1.16616619      0.363340765    
   1.17117119      0.363078475    
   1.17617619      0.362809747    
   1.18118119      0.362534642    
   1.18618619      0.362253249    
   1.19119120      0.361965626    
   1.19619620      0.361671835    
   1.20120120      0.361371964    
   1.20620620      0.361066073    
   1.21121120      0.360754222    
   1.21621621      0.360436499    
   1.22122121      0.360112965    
   1.22622621      0.359783679    
   1.23123121      0.359448701    
   1.23623621      0.359108090    
   1.24124122      0.358761936    
   1.24624622      0.358410299    
   1.25125122      0.358053237    
   1.25625622      0.357690811    
   1.26126122      0.357323080    
   1.26626623      0.356950104    
   1.27127123      0.356571943    
   1.27627623      0.356188655    
   1.28128123      0.355800301    
   1.28628623      0.355406940    
   1.29129124      0.355008632    
   1.29629624      0.354605436    
   1.30130136      0.354197413    
   1.30630636      0.353784621    
   1.31131136      0.353367120    
   1.31631637      0.352944970    
   1.32132137      0.352518231    
   1.32632637      0.352086961    
   1.33133137      0.351651222    
   1.33633637      0.351211071    
   1.34134138      0.350766540    
   1.34634638      0.350317687    
   1.35135138      0.349864572    
   1.35635638      0.349407256    
   1.36136138      0.348945796    
   1.36636639      0.348480225    
   1.37137139      0.348010600    
   1.37637639      0.347536981    
   1.38138139      0.347059429    
   1.38638639      0.346577972    
   1.39139140      0.346092671    
   1.39639640      0.345603585    
   1.40140140      0.345110744    
   1.40640640      0.344614208    
   1.41141140      0.344114035    
   1.41641641      0.343610257    
   1.42142141      0.343102932    
   1.42642641      0.342592120    
   1.43143141      0.342077851    
   1.43643641      0.341560185    
   1.44144142      0.341039151    
   1.44644642      0.340514809    
   1.45145142      0.339987189    
   1.45645642      0.339456350    
   1.46146142      0.338922352    
   1.46646643      0.338385224    
   1.47147143      0.337845027    
   1.47647643      0.337301791    
   1.48148143      0.336755544    
   1.48648643      0.336206347    
   1.49149144      0.335654229    
   1.49649644      0.335099250    
   1.50150156      0.334541440    
   1.50650656      0.333980858    
   1.51151156      0.333417535    
   1.51651657      0.332851499    
   1.52152157      0.332282811    
   1.52652657      0.331711501    
   1.53153157      0.331137627    
   1.53653657      0.330561221    
   1.54154158      0.329982311    
   1.54654658      0.329400957    
   1.55155158      0.328817189    
   1.55655658      0.328231037    
   1.56156158      0.327642530    
   1.56656659      0.327051729    
   1.57157159      0.326458663    
   1.57657659      0.325863361    
   1.58158159      0.325265855    
   1.58658659      0.324666202    
   1.59159160      0.324064434    
   1.59659660      0.323460579    
   1.60160160      0.322854668    
   1.60660660      0.322246760    
   1.61161160      0.321636885    
   1.61661661      0.321025074    
   1.62162161      0.320411354    
   1.62662661      0.319795758    
   1.63163161      0.319178313    
   1.63663661      0.318559051    
   1.64164162      0.317938030    
   1.64664662      0.317315280    
   1.65165162      0.316690832    
   1.65665662      0.316064715    
   1.66166162      0.315436959    
   1.66666663      0.314807594    
   1.67167163      0.314176649    
   1.67667663      0.313544154    
   1.68168163      0.312910140    
   1.68668664      0.312274635    
   1.69169164      0.311637670    
   1.69669664      0.310999274    
   1.70170176      0.310359478    
   1.70670676      0.309718311    
   1.71171176      0.309075803    
   1.71671677      0.308431983    
   1.72172177      0.307786882    
   1.72672677      0.307140529    
   1.73173177      0.306492954    
   1.73673677      0.305844188    
   1.74174178      0.305194259    
   1.74674678      0.304543197    
   1.75175178      0.303891033    
   1.75675678      0.303237796    
   1.76176178      0.302583516    
   1.76676679      0.301928222    
   1.77177179      0.301271945    
   1.77677679      0.300614685    
   1.78178179      0.299956471    
   1.78678679      0.299297333    
   1.79179180      0.298637301    
   1.79679680      0.297976404    
   1.80180180      0.297314674    
   1.80680680      0.296652138    
   1.81181180      0.295988798    
   1.81681681      0.295324683    
   1.82182181      0.294659823    
   1.82682681      0.293994248    
   1.83183181      0.293327987    
   1.83683681      0.292661041    
   1.84184182      0.291993439    
   1.84684682      0.291325212    
   1.85185182      0.290656388    
   1.85685682      0.289986968    
   1.86186182      0.289316982    
   1.86686683      0.288646460    
   1.87187183      0.287975430    
   1.87687683      0.287303895    
   1.88188183      0.286631882    
   1.88688684      0.285959423    
   1.89189184      0.285286546    
   1.89689684      0.284613252    
   1.90190196      0.283939570    
   1.90690696      0.283265531    
   1.91191196      0.282591134    
   1.91691697      0.281916410    
   1.92192197      0.281241387    
   1.92692697      0.280566067    
   1.93193197      0.279890478    
   1.93693697      0.279214650    
   1.94194198      0.278538585    
   1.94694698      0.277862310    
   1.95195198      0.277185857    
   1.95695698      0.276509225    
   1.96196198      0.275832444    
   1.96696699      0.275155544    
   1.97197199      0.274478525    
   1.97697699      0.273801416    
   1.98198199      0.273124218    
   1.98698699      0.272446960    
   1.99199200      0.271769673    
   1.99699700      0.271092355    
   2.00200200      0.270415038    
   2.00700712      0.269737720    
   2.01201200      0.269060433    
   2.01701713      0.268383175    
   2.02202201      0.267705977    
   2.02702713      0.267028838    
   2.03203201      0.266351789    
   2.03703713      0.265674859    
   2.04204202      0.264998049    
   2.04704714      0.264321387    
   2.05205202      0.263644874    
   2.05705714      0.262968540    
   2.06206203      0.262292385    
   2.06706715      0.261616439    
   2.07207203      0.260940701    
   2.07707715      0.260265201    
   2.08208203      0.259589940    
   2.08708715      0.258914948    
   2.09209204      0.258240223    
   2.09709716      0.257565796    
   2.10210204      0.256891668    
   2.10710716      0.256217867    
   2.11211205      0.255544394    
   2.11711717      0.254871249    
   2.12212205      0.254198462    
   2.12712717      0.253526032    
   2.13213205      0.252853990    
   2.13713717      0.252182335    
   2.14214206      0.251511097    
   2.14714718      0.250840276    
   2.15215206      0.250169873    
   2.15715718      0.249499917    
   2.16216207      0.248830423    
   2.16716719      0.248161390    
   2.17217207      0.247492835    
   2.17717719      0.246824771    
   2.18218207      0.246157214    
   2.18718719      0.245490178    
   2.19219208      0.244823664    
   2.19719720      0.244157687    
   2.20220232      0.243492261    
   2.20720720      0.242827401    
   2.21221232      0.242163107    
   2.21721721      0.241499394    
   2.22222233      0.240836278    
   2.22722721      0.240173772    
   2.23223233      0.239511877    
   2.23723722      0.238850608    
   2.24224234      0.238189980    
   2.24724722      0.237529993    
   2.25225234      0.236870661    
   2.25725722      0.236212000    
   2.26226234      0.235554010    
   2.26726723      0.234896705    
   2.27227235      0.234240100    
   2.27727723      0.233584195    
   2.28228235      0.232929006    
   2.28728724      0.232274532    
   2.29229236      0.231620789    
   2.29729724      0.230967790    
   2.30230236      0.230315536    
   2.30730724      0.229664043    
   2.31231236      0.229013309    
   2.31731725      0.228363350    
   2.32232237      0.227714181    
   2.32732725      0.227065802    
   2.33233237      0.226418227    
   2.33733726      0.225771457    
   2.34234238      0.225125507    
   2.34734726      0.224480376    
   2.35235238      0.223836079    
   2.35735726      0.223192617    
   2.36236238      0.222550005    
   2.36736727      0.221908242    
   2.37237239      0.221267343    
   2.37737727      0.220627308    
   2.38238239      0.219988152    
   2.38738728      0.219349876    
   2.39239240      0.218712494    
   2.39739728      0.218076006    
   2.40240240      0.217440426    
   2.40740752      0.216805756    
   2.41241241      0.216172010    
   2.41741753      0.215539187    
   2.42242241      0.214907303    
   2.42742753      0.214276358    
   2.43243241      0.213646352    
   2.43743753      0.213017300    
   2.44244242      0.212389201    
   2.44744754      0.211762071    
   2.45245242      0.211135909    
   2.45745754      0.210510731    
   2.46246243      0.209886536    
   2.46746755      0.209263325    
   2.47247243      0.208641112    
   2.47747755      0.208019897    
   2.48248243      0.207399681    
   2.48748755      0.206780478    
   2.49249244      0.206162289    
   2.49749756      0.205545127    
   2.50250244      0.204928994    
   2.50750756      0.204313889    
   2.51251245      0.203699827    
   2.51751757      0.203086808    
   2.52252245      0.202474833    
   2.52752757      0.201863915    
   2.53253245      0.201254055    
   2.53753757      0.200645253    
   2.54254246      0.200037509    
   2.54754758      0.199430838    
   2.55255246      0.198825240    
   2.55755758      0.198220715    
   2.56256247      0.197617278    
   2.56756759      0.197014928    
   2.57257247      0.196413666    
   2.57757759      0.195813507    
   2.58258247      0.195214450    
   2.58758759      0.194616497    
   2.59259248      0.194019645    
   2.59759760      0.193423912    
   2.60260272      0.192829296    
   2.60760760      0.192235798    
   2.61261272      0.191643417    
   2.61761761      0.191052169    
   2.62262273      0.190462053    
   2.62762761      0.189873070    
   2.63263273      0.189285219    
   2.63763762      0.188698515    
   2.64264274      0.188112959    
   2.64764762      0.187528551    
   2.65265274      0.186945289    
   2.65765762      0.186363176    
   2.66266274      0.185782224    
   2.66766763      0.185202435    
   2.67267275      0.184623808    
   2.67767763      0.184046343    
   2.68268275      0.183470041    
   2.68768764      0.182894915    
   2.69269276      0.182320967    
   2.69769764      0.181748196    
   2.70270276      0.181176603    
   2.70770764      0.180606186    
   2.71271276      0.180036947    
   2.71771765      0.179468900    
   2.72272277      0.178902045    
   2.72772765      0.178336382    
   2.73273277      0.177771911    
   2.73773766      0.177208632    
   2.74274278      0.176646546    
   2.74774766      0.176085651    
   2.75275278      0.175525963    
   2.75775766      0.174967483    
   2.76276278      0.174410209    
   2.76776767      0.173854142    
   2.77277279      0.173299283    
   2.77777767      0.172745630    
   2.78278279      0.172193184    
   2.78778768      0.171641946    
   2.79279280      0.171091929    
   2.79779768      0.170543134    
   2.80280280      0.169995561    
   2.80780792      0.169449210    
   2.81281281      0.168904081    
   2.81781793      0.168360174    
   2.82282281      0.167817488    
   2.82782793      0.167276025    
   2.83283281      0.166735783    
   2.83783793      0.166196764    
   2.84284282      0.165658981    
   2.84784794      0.165122434    
   2.85285282      0.164587125    
   2.85785794      0.164053053    
   2.86286283      0.163520217    
   2.86786795      0.162988618    
   2.87287283      0.162458256    
   2.87787795      0.161929131    
   2.88288283      0.161401242    
   2.88788795      0.160874590    
   2.89289284      0.160349175    
   2.89789796      0.159824997    
   2.90290284      0.159302056    
   2.90790796      0.158780351    
   2.91291285      0.158259884    
   2.91791797      0.157740653    
   2.92292285      0.157222658    
   2.92792797      0.156705901    
   2.93293285      0.156190395    
   2.93793797      0.155676141    
   2.94294286      0.155163139    
   2.94794798      0.154651389    
   2.95295286      0.154140890    
   2.95795798      0.153631642    
   2.96296287      0.153123647    
   2.96796799      0.152616903    
   2.97297287      0.152111411    
   2.97797799      0.151607171    
   2.98298287      0.151104182    
   2.98798800      0.150602445    
   2.99299288      0.150101960    
   2.99799800      0.149602726    
   3.00300312      0.149104744    
   3.00800800      0.148608014    
   3.01301312      0.148112535    
   3.01801801      0.147618309    
   3.02302313      0.147125334    
   3.02802801      0.146633610    
   3.03303313      0.146143138    
   3.03803802      0.145653918    
   3.04304314      0.145165950    
   3.04804802      0.144679233    
   3.05305314      0.144193769    
   3.05805802      0.143709555    
   3.06306314      0.143226594    
   3.06806803      0.142744884    
   3.07307315      0.142264426    
   3.07807803      0.141785219    
   3.08308315      0.141307265    
   3.08808804      0.140830562    
   3.09309316      0.140355095    
   3.09809804      0.139880866    
   3.10310316      0.139407873    
   3.10810804      0.138936117    
   3.11311316      0.138465598    
   3.11811805      0.137996316    
   3.12312317      0.137528270    
   3.12812805      0.137061462    
   3.13313317      0.136595890    
   3.13813806      0.136131555    
   3.14314318      0.135668457    
   3.14814806      0.135206595    
   3.15315318      0.134745970    
   3.15815806      0.134286582    
   3.16316319      0.133828431    
   3.16816807      0.133371517    
   3.17317319      0.132915840    
   3.17817807      0.132461399    
   3.18318319      0.132008195    
   3.18818808      0.131556228    
   3.19319320      0.131105483    
   3.19819808      0.130655959    
   3.20320320      0.130207658    
   3.20820832      0.129760578    
   3.21321321      0.129314721    
   3.21821833      0.128870085    
   3.22322321      0.128426671    
   3.22822833      0.127984479    
   3.23323321      0.127543509    
   3.23823833      0.127103761    
   3.24324322      0.126665235    
   3.24824834      0.126227930    
   3.25325322      0.125791848    
   3.25825834      0.125356987    
   3.26326323      0.124923341    
   3.26826835      0.124490909    
   3.27327323      0.124059692    
   3.27827835      0.123629682    
   3.28328323      0.123200879    
   3.28828835      0.122773282    
   3.29329324      0.122346893    
   3.29829836      0.121921711    
   3.30330324      0.121497728    
   3.30830836      0.121074945    
   3.31331325      0.120653361    
   3.31831837      0.120232977    
   3.32332325      0.119813792    
   3.32832837      0.119395807    
   3.33333325      0.118979014    
   3.33833838      0.118563414    
   3.34334326      0.118149005    
   3.34834838      0.117735788    
   3.35335326      0.117323764    
   3.35835838      0.116912924    
   3.36336327      0.116503268    
   3.36836839      0.116094798    
   3.37337327      0.115687512    
   3.37837839      0.115281403    
   3.38338327      0.114876471    
   3.38838840      0.114472717    
   3.39339328      0.114070140    
   3.39839840      0.113668740    
   3.40340352      0.113268510    
   3.40840840      0.112869449    
   3.41341352      0.112471558    
   3.41841841      0.112074837    
   3.42342353      0.111679278    
   3.42842841      0.111284882    
   3.43343353      0.110891648    
   3.43843842      0.110499576    
   3.44344354      0.110108666    
   3.44844842      0.109718911    
   3.45345354      0.109330311    
   3.45845842      0.108942866    
   3.46346354      0.108556576    
   3.46846843      0.108171433    
   3.47347355      0.107787438    
   3.47847843      0.107404590    
   3.48348355      0.107022889    
   3.48848844      0.106642328    
   3.49349356      0.106262907    
   3.49849844      0.105884627    
   3.50350356      0.105507486    
   3.50850844      0.105131477    
   3.51351357      0.104756601    
   3.51851845      0.104382858    
   3.52352357      0.104010247    
   3.52852845      0.103638761    
   3.53353357      0.103268400    
   3.53853846      0.102899164    
   3.54354358      0.102531053    
   3.54854846      0.102164060    
   3.55355358      0.101798184    
   3.55855846      0.101433426    
   3.56356359      0.101069786    
   3.56856847      0.100707255    
   3.57357359      0.100345835    
   3.57857847       9.99855250E-02
   3.58358359       9.96263176E-02
   3.58858848       9.92682129E-02
   3.59359360       9.89112109E-02
   3.59859848       9.85553116E-02
   3.60360360       9.82005075E-02
   3.60860872       9.78467986E-02
   3.61361361       9.74941850E-02
   3.61861873       9.71426666E-02
   3.62362361       9.67922360E-02
   3.62862873       9.64428931E-02
   3.63363361       9.60946381E-02
   3.63863873       9.57474634E-02
   3.64364362       9.54013690E-02
   3.64864874       9.50563550E-02
   3.65365362       9.47124213E-02
   3.65865874       9.43695605E-02
   3.66366363       9.40277725E-02
   3.66866875       9.36870575E-02
   3.67367363       9.33474079E-02
   3.67867875       9.30088237E-02
   3.68368363       9.26713049E-02
   3.68868876       9.23348516E-02
   3.69369364       9.19994563E-02
   3.69869876       9.16651189E-02
   3.70370364       9.13318396E-02
   3.70870876       9.09996107E-02
   3.71371365       9.06684324E-02
   3.71871877       9.03383046E-02
   3.72372365       9.00092274E-02
   3.72872877       8.96811932E-02
   3.73373365       8.93542022E-02
   3.73873878       8.90282542E-02
   3.74374366       8.87033418E-02
   3.74874878       8.83794650E-02
   3.75375366       8.80566239E-02
   3.75875878       8.77348185E-02
   3.76376367       8.74140412E-02
   3.76876879       8.70942920E-02
   3.77377367       8.67755711E-02
   3.77877879       8.64578709E-02
   3.78378367       8.61411914E-02
   3.78878880       8.58255327E-02
   3.79379368       8.55108872E-02
   3.79879880       8.51972550E-02
   3.80380392       8.48846361E-02
   3.80880880       8.45730305E-02
   3.81381392       8.42624307E-02
   3.81881881       8.39528367E-02
   3.82382393       8.36442485E-02
   3.82882881       8.33366588E-02
   3.83383393       8.30300674E-02
   3.83883882       8.27244744E-02
   3.84384394       8.24198723E-02
   3.84884882       8.21162611E-02
   3.85385394       8.18136409E-02
   3.85885882       8.15120116E-02
   3.86386395       8.12113658E-02
   3.86886883       8.09117034E-02
   3.87387395       8.06130245E-02
   3.87887883       8.03153217E-02
   3.88388395       8.00185949E-02
   3.88888884       7.97228441E-02
   3.89389396       7.94280618E-02
   3.89889884       7.91342482E-02
   3.90390396       7.88414031E-02
   3.90890884       7.85495192E-02
   3.91391397       7.82585964E-02
   3.91891885       7.79686347E-02
   3.92392397       7.76796341E-02
   3.92892885       7.73915872E-02
   3.93393397       7.71044940E-02
   3.93893886       7.68183544E-02
   3.94394398       7.65331611E-02
   3.94894886       7.62489140E-02
   3.95395398       7.59656131E-02
   3.95895886       7.56832510E-02
   3.96396399       7.54018277E-02
   3.96896887       7.51213431E-02
   3.97397399       7.48417974E-02
   3.97897887       7.45631829E-02
   3.98398399       7.42854998E-02
   3.98898888       7.40087479E-02
   3.99399400       7.37329200E-02
   3.99899888       7.34580159E-02
   4.00400400       7.31840357E-02
   4.00900888       7.29109719E-02
   4.01401424       7.26388246E-02
   4.01901913       7.23675936E-02
   4.02402401       7.20972717E-02
   4.02902889       7.18278587E-02
   4.03403425       7.15593547E-02
   4.03903913       7.12917596E-02
   4.04404402       7.10250661E-02
   4.04904890       7.07592741E-02
   4.05405426       7.04943836E-02
   4.05905914       7.02303872E-02
   4.06406403       6.99672848E-02
   4.06906891       6.97050765E-02
   4.07407427       6.94437549E-02
   4.07907915       6.91833198E-02
   4.08408403       6.89237714E-02
   4.08908892       6.86651096E-02
   4.09409428       6.84073269E-02
   4.09909916       6.81504235E-02
   4.10410404       6.78943992E-02
   4.10910892       6.76392466E-02
   4.11411428       6.73849657E-02
   4.11911917       6.71315566E-02
   4.12412405       6.68790117E-02
   4.12912893       6.66273311E-02
   4.13413429       6.63765147E-02
   4.13913918       6.61265552E-02
   4.14414406       6.58774525E-02
   4.14914894       6.56292066E-02
   4.15415430       6.53818175E-02
   4.15915918       6.51352778E-02
   4.16416407       6.48895875E-02
   4.16916895       6.46447465E-02
   4.17417431       6.44007474E-02
   4.17917919       6.41575903E-02
   4.18418407       6.39152750E-02
   4.18918896       6.36737943E-02
   4.19419432       6.34331480E-02
   4.19919920       6.31933361E-02
   4.20420408       6.29543588E-02
   4.20920944       6.27162084E-02
   4.21421432       6.24788851E-02
   4.21921921       6.22423850E-02
   4.22422409       6.20067082E-02
   4.22922945       6.17718510E-02
   4.23423433       6.15378134E-02
   4.23923922       6.13045916E-02
   4.24424410       6.10721819E-02
   4.24924946       6.08405843E-02
   4.25425434       6.06097952E-02
   4.25925922       6.03798144E-02
   4.26426411       6.01506382E-02
   4.26926947       5.99222630E-02
   4.27427435       5.96946888E-02
   4.27927923       5.94679117E-02
   4.28428411       5.92419319E-02
   4.28928947       5.90167455E-02
   4.29429436       5.87923490E-02
   4.29929924       5.85687421E-02
   4.30430412       5.83459213E-02
   4.30930948       5.81238866E-02
   4.31431437       5.79026341E-02
   4.31931925       5.76821603E-02
   4.32432413       5.74624650E-02
   4.32932949       5.72435446E-02
   4.33433437       5.70253991E-02
   4.33933926       5.68080246E-02
   4.34434414       5.65914214E-02
   4.34934950       5.63755855E-02
   4.35435438       5.61605133E-02
   4.35935926       5.59462048E-02
   4.36436415       5.57326563E-02
   4.36936951       5.55198677E-02
   4.37437439       5.53078353E-02
   4.37937927       5.50965592E-02
   4.38438416       5.48860356E-02
   4.38938951       5.46762608E-02
   4.39439440       5.44672348E-02
   4.39939928       5.42589538E-02
   4.40440464       5.40514179E-02
   4.40940952       5.38446233E-02
   4.41441441       5.36385700E-02
   4.41941929       5.34332544E-02
   4.42442465       5.32286726E-02
   4.42942953       5.30248247E-02
   4.43443441       5.28217070E-02
   4.43943930       5.26193194E-02
   4.44444466       5.24176583E-02
   4.44944954       5.22167236E-02
   4.45445442       5.20165116E-02
   4.45945930       5.18170185E-02
   4.46446466       5.16182445E-02
   4.46946955       5.14201857E-02
   4.47447443       5.12228422E-02
   4.47947931       5.10262102E-02
   4.48448467       5.08302897E-02
   4.48948956       5.06350771E-02
   4.49449444       5.04405722E-02
   4.49949932       5.02467714E-02
   4.50450468       5.00536710E-02
   4.50950956       4.98612709E-02
   4.51451445       4.96695675E-02
   4.51951933       4.94785607E-02
   4.52452469       4.92882468E-02
   4.52952957       4.90986258E-02
   4.53453445       4.89096940E-02
   4.53953934       4.87214513E-02
   4.54454470       4.85338941E-02
   4.54954958       4.83470187E-02
   4.55455446       4.81608249E-02
   4.55955935       4.79753092E-02
   4.56456470       4.77904715E-02
   4.56956959       4.76063080E-02
   4.57457447       4.74228188E-02
   4.57957935       4.72400002E-02
   4.58458471       4.70578521E-02
   4.58958960       4.68763709E-02
   4.59459448       4.66955565E-02
   4.59959936       4.65154052E-02
   4.60460472       4.63359170E-02
   4.60960960       4.61570881E-02
   4.61461449       4.59789149E-02
   4.61961985       4.58013974E-02
   4.62462473       4.56245318E-02
   4.62962961       4.54483181E-02
   4.63463449       4.52727526E-02
   4.63963985       4.50978354E-02
   4.64464474       4.49235626E-02
   4.64964962       4.47499342E-02
   4.65465450       4.45769466E-02
   4.65965986       4.44045998E-02
   4.66466475       4.42328900E-02
   4.66966963       4.40618172E-02
   4.67467451       4.38913777E-02
   4.67967987       4.37215716E-02
   4.68468475       4.35523950E-02
   4.68968964       4.33838479E-02
   4.69469452       4.32159267E-02
   4.69969988       4.30486314E-02
   4.70470476       4.28819582E-02
   4.70970964       4.27159071E-02
   4.71471453       4.25504744E-02
   4.71971989       4.23856601E-02
   4.72472477       4.22214605E-02
   4.72972965       4.20578755E-02
   4.73473454       4.18949015E-02
   4.73973989       4.17325385E-02
   4.74474478       4.15707827E-02
   4.74974966       4.14096341E-02
   4.75475454       4.12490889E-02
   4.75975990       4.10891473E-02
   4.76476479       4.09298055E-02
   4.76976967       4.07710634E-02
   4.77477455       4.06129174E-02
   4.77977991       4.04553674E-02
   4.78478479       4.02984098E-02
   4.78978968       4.01420444E-02
   4.79479456       3.99862677E-02
   4.79979992       3.98310795E-02
   4.80480480       3.96764763E-02
   4.80980968       3.95224579E-02
   4.81481504       3.93690206E-02
   4.81981993       3.92161645E-02
   4.82482481       3.90638858E-02
   4.82982969       3.89121845E-02
   4.83483505       3.87610570E-02
   4.83983994       3.86105031E-02
   4.84484482       3.84605192E-02
   4.84984970       3.83111052E-02
   4.85485506       3.81622575E-02
   4.85985994       3.80139761E-02
   4.86486483       3.78662571E-02
   4.86986971       3.77191007E-02
   4.87487507       3.75725031E-02
   4.87987995       3.74264643E-02
   4.88488483       3.72809805E-02
   4.88988972       3.71360518E-02
   4.89489508       3.69916782E-02
   4.89989996       3.68478559E-02
   4.90490484       3.67045850E-02
   4.90990973       3.65618616E-02
   4.91491508       3.64196859E-02
   4.91991997       3.62780541E-02
   4.92492485       3.61369662E-02
   4.92992973       3.59964184E-02
   4.93493509       3.58564109E-02
   4.93993998       3.57169397E-02
   4.94494486       3.55780050E-02
   4.94994974       3.54396030E-02
   4.95495510       3.53017338E-02
   4.95995998       3.51643972E-02
   4.96496487       3.50275896E-02
   4.96996975       3.48913111E-02
   4.97497511       3.47555578E-02
   4.97997999       3.46203297E-02
   4.98498487       3.44856232E-02
   4.98998976       3.43514383E-02
   4.99499512       3.42177711E-02
