   2.0020020020020020E-003   1.9979979993337785E-003
   1.2002002002002000E-002   1.1858814933806694E-002
   2.2002002002002002E-002   2.1523200519137684E-002
   3.2002002002002004E-002   3.0994087526336124E-002
   5.2002002002002001E-002   4.9366902798069760E-002
   7.2002002002002005E-002   6.6999953284393121E-002
   9.2002002002002009E-002   8.3915331789905026E-002
  0.11200200200200201       0.10013454624177429     
  0.13200200200200202       0.11567853419001395     
  0.15200200200200203       0.13056767696283236     
  0.17200200200200200       0.14482181348503537     
  0.19200200200200201       0.15846025376727355     
  0.21200200200200198       0.17150179207375171     
  0.23200200200200199       0.18396471977584561     
  0.25200200200200196       0.19586683789890152     
  0.27200200200200197       0.20722546936932987     
  0.29200200200200199       0.21805747096894243     
  0.31200200200200201       0.22837924500332513     
  0.33200200200200203       0.23820675069088401     
  0.35200200200200205       0.24755551527905184     
  0.37200200200200206       0.25644064489399410     
  0.39200200200200208       0.26487683513001087     
  0.41200200200200210       0.27287838138468851     
  0.43200200200200212       0.28045918894571875     
  0.45200200200200213       0.28763278283516652     
  0.47200200200200215       0.29441231741683860     
  0.49200200200200217       0.30081058577227382     
  0.51200200200200219       0.30684002885075123     
  0.53200200200200221       0.31251274439859061     
  0.55200200200200222       0.31784049567289668     
  0.57200200200200224       0.32283471994478341     
  0.59200200200200226       0.32750653679699893     
  0.61200200200200228       0.33186675622075928     
  0.63200200200200229       0.33592588651648886     
  0.65200200200200231       0.33969414200305947     
  0.67200200200200233       0.34318145054001370     
  0.69200200200200235       0.34639746086715628     
  0.71200200200200237       0.34935154976579641     
  0.73200200200200238       0.35205282904582713     
  0.75200200200200240       0.35451015236273065     
  0.77200200200200242       0.35673212186850478     
  0.79200200200200244       0.35872709470041647     
  0.81200200200200245       0.36050318931139552     
  0.83200200200200247       0.36206829164579640     
  0.85200200200200249       0.36343006116417009     
  0.87200200200200251       0.36459593672060359     
  0.89200200200200253       0.36557314229610383     
  0.91200200200200254       0.36636869259142296     
  0.93200200200200256       0.36698939848264234     
  0.95200200200200258       0.36744187234275860     
  0.97200200200200260       0.36773253323243887     
  0.99200200200200261       0.36786761196303963     
   1.0120020020020029       0.36785315603491342     
   1.0320020020020029       0.36769503445395613     
   1.0520020020020029       0.36739894242928151     
   1.0720020020020029       0.36697040595484126     
   1.0920020020020029       0.36641478627774554     
   1.1120020020020029       0.36573728425597413     
   1.1320020020020030       0.36494294460810639     
   1.1520020020020030       0.36403666005763841     
   1.1720020020020030       0.36302317537439488     
   1.1920020020020030       0.36190709131548682     
   1.2120020020020030       0.36069286846820836     
   1.2320020020020030       0.35938483099721052     
   1.2520020020020031       0.35798717029823746     
   1.2720020020020031       0.35650394856065432     
   1.2920020020020031       0.35493910224094777     
   1.3120020020020031       0.35329644544932759     
   1.3320020020020031       0.35157967325150857     
   1.3520020020020032       0.34979236488770415     
   1.3720020020020032       0.34793798691081596     
   1.3920020020020032       0.34601989624575713     
   1.4120020020020032       0.34404134317180179     
   1.4320020020020032       0.34200547422981015     
   1.4520020020020032       0.33991533505613492     
   1.4720020020020033       0.33777387314497209     
   1.4920020020020033       0.33558394054087959     
   1.5120020020020033       0.33334829646314562     
   1.5320020020020033       0.33106960986365047     
   1.5520020020020033       0.32875046191982582     
   1.5720020020020034       0.32639334846427998     
   1.5920020020020034       0.32400068235261859     
   1.6120020020020034       0.32157479577095693     
   1.6320020020020034       0.31911794248458331     
   1.6520020020020034       0.31663230002919873     
   1.6720020020020034       0.31411997184612644     
   1.6920020020020035       0.31158298936285045     
   1.7120020020020035       0.30902331402021099     
   1.7320020020020035       0.30644283924755378     
   1.7520020020020035       0.30384339238709895     
   1.7720020020020035       0.30122673656876769     
   1.7920020020020035       0.29859457253667193     
   1.8120020020020036       0.29594854042844809     
   1.8320020020020036       0.29329022150858508     
   1.8520020020020036       0.29062113985687149     
   1.8720020020020036       0.28794276401305963     
   1.8920020020020036       0.28525650857881751     
   1.9120020020020037       0.28256373577801741     
   1.9320020020020037       0.27986575697638000     
   1.9520020020020037       0.27716383416147478     
   1.9720020020020037       0.27445918138404896     
   1.9920020020020037       0.27175296616163697     
   2.0120020020020033       0.26904631084537906     
   2.0320020020020033       0.26634029395095499     
   2.0520020020020029       0.26363595145451962     
   2.0720020020020034       0.26093427805450281     
   2.0920020020020029       0.25823622840011812     
   2.1120020020020034       0.25554271828740449     
   2.1320020020020030       0.25285462582360396     
   2.1520020020020034       0.25017279256066155     
   2.1720020020020030       0.24749802459861253     
   2.1920020020020035       0.24483109365960581     
   2.2120020020020030       0.24217273813329379     
   2.2320020020020035       0.23952366409430109     
   2.2520020020020031       0.23688454629246838     
   2.2720020020020035       0.23425602911655027     
   2.2920020020020031       0.23163872753203055     
   2.3120020020020036       0.22903322799370174     
   2.3320020020020031       0.22644008933364076     
   2.3520020020020036       0.22385984362519720     
   2.3720020020020032       0.22129299702359601     
   2.3920020020020036       0.21874003058374214     
   2.4120020020020032       0.21620140105579988     
   2.4320020020020037       0.21367754165910730     
   2.4520020020020032       0.21116886283497086     
   2.4720020020020037       0.20867575297887397     
   2.4920020020020033       0.20619857915261913     
   2.5120020020020037       0.20373768777691117     
   2.5320020020020033       0.20129340530487741     
   2.5520020020020038       0.19886603887700774     
   2.5720020020020034       0.19645587695798639     
   2.5920020020020038       0.19406318995587596     
   2.6120020020020034       0.19168823082410266     
   2.6320020020020038       0.18933123564668128     
   2.6520020020020034       0.18699242420710752     
   2.6720020020020039       0.18467200054133487     
   2.6920020020020035       0.18237015347524374     
   2.7120020020020039       0.18008705714699969     
   2.7320020020020035       0.17782287151468870     
   2.7520020020020040       0.17557774284960759     
   2.7720020020020035       0.17335180421557897     
   2.7920020020020040       0.17114517593465020     
   2.8120020020020036       0.16895796603952837     
   2.8320020020020040       0.16679027071309321     
   2.8520020020020036       0.16464217471532294     
   2.8720020020020041       0.16251375179795899     
   2.8920020020020036       0.16040506510722749     
   2.9120020020020041       0.15831616757492836     
   2.9320020020020037       0.15624710229819455     
   2.9520020020020041       0.15419790290821678     
   2.9720020020020037       0.15216859392822180     
   2.9920020020020042       0.15015919112098558     
   3.0120020020020037       0.14816970182615485     
   3.0320020020020042       0.14620012528764501     
   3.0520020020020038       0.14425045297137468     
   3.0720020020020042       0.14232066887359154     
   3.0920020020020038       0.14041074982003723     
   3.1120020020020043       0.13852066575619335     
   3.1320020020020038       0.13665038002884441     
   3.1520020020020043       0.13479984965918809     
   3.1720020020020039       0.13296902560771648     
   3.1920020020020043       0.13115785303108796     
   3.2120020020020039       0.12936627153120225     
   3.2320020020020044       0.12759421539668747     
   3.2520020020020040       0.12584161383700124     
   3.2720020020020044       0.12410839120934430     
   3.2920020020020040       0.12239446723857936     
   3.3120020020020045       0.12069975723034274     
   3.3320020020020040       0.11902417227753284     
   3.3520020020020045       0.11736761946035375     
   3.3720020020020041       0.11573000204008838     
   3.3920020020020045       0.11411121964677107     
   3.4120020020020041       0.11251116846092520     
   3.4320020020020046       0.11092974138952723     
   3.4520020020020041       0.10936682823635473     
   3.4720020020020046       0.10782231586687165     
   3.4920020020020042       0.10629608836780047     
   3.5120020020020046       0.10478802720152691     
   3.5320020020020042       0.10329801135547938     
   3.5520020020020047       0.10182591748662154     
   3.5720020020020042       0.10037162006119306     
   3.5920020020020047        9.8934991489829927E-002
   3.6120020020020043        9.7515902258192733E-002
   3.6320020020020047        9.6114221053227575E-002
   3.6520020020020043        9.4729814885181493E-002
   3.6720020020020048        9.3362549205491210E-002
   3.6920020020020043        9.2012288020660291E-002
   3.7120020020020048        9.0678894002237886E-002
   3.7320020020020044        8.9362228593008519E-002
   3.7520020020020048        8.8062152109499858E-002
   3.7720020020020044        8.6778523840912697E-002
   3.7920020020020049        8.5511202144574694E-002
   3.8120020020020045        8.4260044538016707E-002
   3.8320020020020049        8.3024907787767971E-002
   3.8520020020020045        8.1805647994964065E-002
   3.8720020020020050        8.0602120677859018E-002
   3.8920020020020045        7.9414180851330687E-002
   3.9120020020020050        7.8241683103465937E-002
   3.9320020020020046        7.7084481669310367E-002
   3.9520020020020050        7.5942430501864513E-002
   3.9720020020020046        7.4815383340406993E-002
   3.9920020020020051        7.3703193776222337E-002
   4.0120020020020046        7.2605715315809768E-002
   4.0320020020020042        7.1522801441646550E-002
   4.0520020020020038        7.0454305670578435E-002
   4.0720020020020034        6.9400081609907016E-002
   4.0920020020020029        6.8359983011242326E-002
   4.1120020020020025        6.7333863822187298E-002
   4.1320020020020021        6.6321578235918929E-002
   4.1520020020020016        6.5322980738728845E-002
   4.1720020020020012        6.4337926155584993E-002
   4.1920020020020008        6.3366269693773999E-002
   4.2120020020020004        6.2407866984682384E-002
   4.2320020020019999        6.1462574123773157E-002
   4.2520020020019995        6.0530247708813080E-002
   4.2720020020019991        5.9610744876403970E-002
   4.2920020020019987        5.8703923336870349E-002
   4.3120020020019982        5.7809641407554138E-002
   4.3320020020019978        5.6927758044565936E-002
   4.3520020020019974        5.6058132873040727E-002
   4.3720020020019970        5.5200626215945028E-002
   4.3920020020019965        5.4355099121480843E-002
   4.4120020020019961        5.3521413389130724E-002
   4.4320020020019957        5.2699431594387003E-002
   4.4520020020019953        5.1889017112207163E-002
   4.4720020020019948        5.1090034139236011E-002
   4.4920020020019944        5.0302347714834321E-002
   4.5120020020019940        4.9525823740952539E-002
   4.5320020020019935        4.8760329000886962E-002
   4.5520020020019931        4.8005731176954995E-002
   4.5720020020019927        4.7261898867124758E-002
   4.5920020020019923        4.6528701600633680E-002
   4.6120020020019918        4.5806009852629503E-002
   4.6320020020019914        4.5093695057866326E-002
   4.6520020020019910        4.4391629623487375E-002
   4.6720020020019906        4.3699686940925291E-002
   4.6920020020019901        4.3017741396949839E-002
   4.7120020020019897        4.2345668383892192E-002
   4.7320020020019893        4.1683344309074041E-002
   4.7520020020019889        4.1030646603469008E-002
   4.7720020020019884        4.0387453729623039E-002
   4.7920020020019880        3.9753645188859855E-002
   4.8120020020019876        3.9129101527796473E-002
   4.8320020020019872        3.8513704344193447E-002
   4.8520020020019867        3.7907336292163592E-002
   4.8720020020019863        3.7309881086762219E-002
   4.8920020020019859        3.6721223507981481E-002
   4.9120020020019854        3.6141249404170461E-002
   4.9320020020019850        3.5569845694902319E-002
   4.9520020020019846        3.5006900373308975E-002
   4.9720020020019842        3.4452302507903307E-002
   4.9920020020019837        3.3905942243908277E-002
   5.0120020020019833        3.3367710804111744E-002
   5.0320020020019829        3.2837500489265252E-002
   5.0520020020019825        3.2315204678044558E-002
   5.0720020020019820        3.1800717826589012E-002
   5.0920020020019816        3.1293935467636556E-002
   5.1120020020019812        3.0794754209270546E-002
   5.1320020020019808        3.0303071733293992E-002
   5.1520020020019803        2.9818786793246638E-002
   5.1720020020019799        2.9341799212079519E-002
   5.1920020020019795        2.8872009879501410E-002
   5.2120020020019791        2.8409320749011049E-002
   5.2320020020019786        2.7953634834628632E-002
   5.2520020020019782        2.7504856207339636E-002
   5.2720020020019778        2.7062889991263644E-002
   5.2920020020019773        2.6627642359560499E-002
   5.3120020020019769        2.6199020530085621E-002
   5.3320020020019765        2.5776932760806098E-002
   5.3520020020019761        2.5361288344988665E-002
   5.3720020020019756        2.4951997606170447E-002
   5.3920020020019752        2.4548971892922940E-002
   5.4120020020019748        2.4152123573419379E-002
   5.4320020020019744        2.3761366029815368E-002
   5.4520020020019739        2.3376613652452253E-002
   5.4720020020019735        2.2997781833892481E-002
   5.4920020020019731        2.2624786962795886E-002
   5.5120020020019727        2.2257546417645515E-002
   5.5320020020019722        2.1895978560331372E-002
   5.5520020020019718        2.1540002729600150E-002
   5.5720020020019714        2.1189539234378801E-002
   5.5920020020019710        2.0844509346979487E-002
   5.6120020020019705        2.0504835296193204E-002
   5.6320020020019701        2.0170440260279233E-002
   5.6520020020019697        1.9841248359857150E-002
   5.6720020020019692        1.9517184650708074E-002
   5.6920020020019688        1.9198175116491516E-002
   5.7120020020019684        1.8884146661383980E-002
   5.7320020020019680        1.8575027102645282E-002
   5.7520020020019675        1.8270745163118333E-002
   5.7720020020019671        1.7971230463667946E-002
   5.7920020020019667        1.7676413515564003E-002
   5.8120020020019663        1.7386225712814167E-002
   5.8320020020019658        1.7100599324451106E-002
   5.8520020020019654        1.6819467486779073E-002
   5.8720020020019650        1.6542764195584411E-002
   5.8920020020019646        1.6270424298314556E-002
   5.9120020020019641        1.6002383486229690E-002
   5.9320020020019637        1.5738578286531347E-002
   5.9520020020019633        1.5478946054471868E-002
   5.9720020020019629        1.5223424965448575E-002
   5.9920020020019624        1.4971954007086369E-002
   6.0120020020019620        1.4724472971312304E-002
   6.0320020020019616        1.4480922446425555E-002
   6.0520020020019611        1.4241243809166080E-002
   6.0720020020019607        1.4005379216785133E-002
   6.0920020020019603        1.3773271599120663E-002
   6.1120020020019599        1.3544864650680504E-002
   6.1320020020019594        1.3320102822736182E-002
   6.1520020020019590        1.3098931315429996E-002
   6.1720020020019586        1.2881296069897963E-002
   6.1920020020019582        1.2667143760411085E-002
   6.2120020020019577        1.2456421786537305E-002
   6.2320020020019573        1.2249078265326408E-002
   6.2520020020019569        1.2045062023520046E-002
   6.2720020020019565        1.1844322589788939E-002
   6.2920020020019560        1.1646810186999243E-002
   6.3120020020019556        1.1452475724509963E-002
   6.3320020020019552        1.1261270790503229E-002
   6.3520020020019548        1.1073147644349128E-002
   6.3720020020019543        1.0888059209006762E-002
   6.3920020020019539        1.0705959063463071E-002
   6.4120020020019535        1.0526801435210903E-002
   6.4320020020019530        1.0350541192767760E-002
   6.4520020020019526        1.0177133838236534E-002
   6.4720020020019522        1.0006535499909529E-002
   6.4920020020019518        9.8387029249169429E-003
   6.5120020020019513        9.6735934719209809E-003
   6.5320020020019509        9.5111651038566405E-003
   6.5520020020019505        9.3513763807202190E-003
   6.5720020020019501        9.1941864524064752E-003
   6.5920020020019496        9.0395550515953594E-003
   6.6120020020019492        8.8874424866891427E-003
   6.6320020020019488        8.7378096348007563E-003
   6.6520020020019484        8.5906179347940755E-003
   6.6720020020019479        8.4458293803768309E-003
   6.6920020020019475        8.3034065132468020E-003
   6.7120020020019471        8.1633124162918888E-003
   6.7320020020019467        8.0255107068446241E-003
   6.7520020020019462        7.8899655299916084E-003
   6.7720020020019458        7.7566415519383777E-003
   6.7920020020019454        7.6255039534300871E-003
   6.8120020020019449        7.4965184232284486E-003
   6.8320020020019445        7.3696511516452316E-003
   6.8520020020019441        7.2448688241326768E-003
   6.8720020020019437        7.1221386149310836E-003
   6.8920020020019432        7.0014281807738322E-003
   6.9120020020019428        6.8827056546500471E-003
   6.9320020020019424        6.7659396396251006E-003
   6.9520020020019420        6.6510992027190956E-003
   6.9720020020019415        6.5381538688434647E-003
   6.9920020020019411        6.4270736147957822E-003
   7.0120020020019407        6.3178288633128580E-003
   7.0320020020019403        6.2103904771821676E-003
   7.0520020020019398        6.1047297534116271E-003
   7.0720020020019394        6.0008184174577235E-003
   7.0920020020019390        5.8986286175119690E-003
   7.1120020020019385        5.7981329188456308E-003
   7.1320020020019381        5.6993042982126808E-003
   7.1520020020019377        5.6021161383108531E-003
   7.1720020020019373        5.5065422223007348E-003
   7.1920020020019368        5.4125567283827315E-003
   7.2120020020019364        5.3201342244317889E-003
   7.2320020020019360        5.2292496626896931E-003
   7.2520020020019356        5.1398783745147843E-003
   7.2720020020019351        5.0519960651888851E-003
   7.2920020020019347        4.9655788087812364E-003
   7.3120020020019343        4.8806030430692208E-003
   7.3320020020019339        4.7970455645156432E-003
   7.3520020020019334        4.7148835233023090E-003
   7.3720020020019330        4.6340944184196436E-003
   7.3920020020019326        4.5546560928120955E-003
   7.4120020020019322        4.4765467285790136E-003
   7.4320020020019317        4.3997448422307284E-003
   7.4520020020019313        4.3242292799995164E-003
   7.4720020020019309        4.2499792132051429E-003
   7.4920020020019304        4.1769741336746564E-003
   7.5120020020019300        4.1051938492161115E-003
   7.5320020020019296        4.0346184791458630E-003
   7.5520020020019292        3.9652284498691032E-003
   7.5720020020019287        3.8970044905132731E-003
   7.5920020020019283        3.8299276286139984E-003
   7.6120020020019279        3.7639791858531720E-003
   7.6320020020019275        3.6991407738488137E-003
   7.6520020020019270        3.6353942899963300E-003
   7.6720020020019266        3.5727219133607851E-003
   7.6920020020019262        3.5111061006197946E-003
   7.7120020020019258        3.4505295820566502E-003
   7.7320020020019253        3.3909753576032700E-003
   7.7520020020019249        3.3324266929325819E-003
   7.7720020020019245        3.2748671155999271E-003
   7.7920020020019241        3.2182804112330754E-003
   7.8120020020019236        3.1626506197704406E-003
   7.8320020020019232        3.1079620317470834E-003
   7.8520020020019228        3.0541991846280802E-003
   7.8720020020019223        3.0013468591888397E-003
   7.8920020020019219        2.9493900759419464E-003
   7.9120020020019215        2.8983140916101074E-003
   7.9320020020019211        2.8481043956447775E-003
   7.9520020020019206        2.7987467067900336E-003
   7.9720020020019202        2.7502269696912792E-003
   7.9920020020019198        2.7025313515483406E-003
   8.0120020020019211        2.6556462388125329E-003
   8.0320020020019189        2.6095582339272713E-003
   8.0520020020019185        2.5642541521117743E-003
   8.0720020020019181        2.5197210181874710E-003
   8.0920020020019177        2.4759460634466448E-003
   8.1120020020019172        2.4329167225629039E-003
   8.1320020020019168        2.3906206305430444E-003
   8.1520020020019164        2.3490456197198806E-003
   8.1720020020019160        2.3081797167856101E-003
   8.1920020020019155        2.2680111398652959E-003
   8.2120020020019151        2.2285282956300309E-003
   8.2320020020019147        2.1897197764493689E-003
   8.2520020020019142        2.1515743575825888E-003
   8.2720020020019138        2.1140809944083824E-003
   8.2920020020019134        2.0772288196925365E-003
   8.3120020020019130        2.0410071408931926E-003
   8.3320020020019125        2.0054054375032693E-003
   8.3520020020019121        1.9704133584296330E-003
   8.3720020020019117        1.9360207194085972E-003
   8.3920020020019113        1.9022175004573480E-003
   8.4120020020019108        1.8689938433608781E-003
   8.4320020020019104        1.8363400491940285E-003
   8.4520020020019100        1.8042465758782290E-003
   8.4720020020019096        1.7727040357725361E-003
   8.4920020020019091        1.7417031932985684E-003
   8.5120020020019087        1.7112349625989396E-003
   8.5320020020019083        1.6812904052287969E-003
   8.5520020020019079        1.6518607278800683E-003
   8.5720020020019074        1.6229372801380298E-003
   8.5920020020019070        1.5945115522698059E-003
   8.6120020020019066        1.5665751730444156E-003
   8.6320020020019061        1.5391199075839850E-003
   8.6520020020019057        1.5121376552457435E-003
   8.6720020020019053        1.4856204475344297E-003
   8.6920020020019049        1.4595604460447295E-003
   8.7120020020019044        1.4339499404333806E-003
   8.7320020020019040        1.4087813464205685E-003
   8.7520020020019036        1.3840472038202569E-003
   8.7720020020019032        1.3597401745990812E-003
   8.7920020020019027        1.3358530409634539E-003
   8.8120020020019023        1.3123787034745214E-003
   8.8320020020019019        1.2893101791906190E-003
   8.8520020020019015        1.2666405998368767E-003
   8.8720020020019010        1.2443632100016249E-003
   8.8920020020019006        1.2224713653592606E-003
   8.9120020020019002        1.2009585309192290E-003
   8.9320020020018998        1.1798182793007861E-003
   8.9520020020018993        1.1590442890332044E-003
   8.9720020020018989        1.1386303428810953E-003
   8.9920020020018985        1.1185703261945138E-003
   9.0120020020018980        1.0988582252835252E-003
   9.0320020020018976        1.0794881258169087E-003
   9.0520020020018972        1.0604542112446819E-003
   9.0720020020018968        1.0417507612441278E-003
   9.0920020020018963        1.0233721501890138E-003
   9.1120020020018959        1.0053128456416916E-003
   9.1320020020018955        9.8756740686777424E-004
   9.1520020020018951        9.7013048337308465E-004
   9.1720020020018946        9.5299681346257584E-004
   9.1920020020018942        9.3616122282093013E-004
   9.2120020020018938        9.1961862311453781E-004
   9.2320020020018934        9.0336401061456894E-004
   9.2520020020018929        8.8739246484084927E-004
   9.2720020020018925        8.7169914722625601E-004
   9.2920020020018921        8.5627929980135317E-004
   9.3120020020018917        8.4112824389898728E-004
   9.3320020020018912        8.2624137887856873E-004
   9.3520020020018908        8.1161418086976740E-004
   9.3720020020018904        7.9724220153535273E-004
   9.3920020020018899        7.8312106685291341E-004
   9.4120020020018895        7.6924647591519258E-004
   9.4320020020018891        7.5561419974877930E-004
   9.4520020020018887        7.4222008015089995E-004
   9.4720020020018882        7.2906002854405429E-004
   9.4920020020018878        7.1613002484824731E-004
   9.5120020020018874        7.0342611637056547E-004
   9.5320020020018870        6.9094441671185651E-004
   9.5520020020018865        6.7868110469026675E-004
   9.5720020020018861        6.6663242328139887E-004
   9.5920020020018857        6.5479467857485342E-004
   9.6120020020018853        6.4316423874691882E-004
   9.6320020020018848        6.3173753304918156E-004
   9.6520020020018844        6.2051105081282630E-004
   9.6720020020018840        6.0948134046840221E-004
   9.6920020020018836        5.9864500858083220E-004
   9.7120020020018831        5.8799871889944578E-004
   9.7320020020018827        5.7753919142281799E-004
   9.7520020020018823        5.6726320147820102E-004
   9.7720020020018818        5.5716757881533584E-004
   9.7920020020018814        5.4724920671443515E-004
   9.8120020020018810        5.3750502110813236E-004
   9.8320020020018806        5.2793200971719097E-004
   9.8520020020018801        5.1852721119977465E-004
   9.8720020020018797        5.0928771431407835E-004
   9.8920020020018793        5.0021065709412592E-004
   9.9120020020018789        4.9129322603853843E-004
   9.9320020020018784        4.8253265531208431E-004
   9.9520020020018780        4.7392622595982171E-004
   9.9720020020018776        4.6547126513364661E-004
   9.9920020020018772        4.5716514533106336E-004
   10.012002002001877        4.4900528364599692E-004
   10.032002002001876        4.4098914103146665E-004
   10.052002002001876        4.3311422157394595E-004
   10.072002002001875        4.2537807177923329E-004
   10.092002002001875        4.1777827986966244E-004
   10.112002002001875        4.1031247509248263E-004
   10.132002002001874        4.0297832703924070E-004
   10.152002002001874        3.9577354497600078E-004
   10.172002002001873        3.8869587718423789E-004
   10.192002002001873        3.8174311031224521E-004
   10.212002002001872        3.7491306873689578E-004
   10.232002002001872        3.6820361393560298E-004
   10.252002002001872        3.6161264386832506E-004
   10.272002002001871        3.5513809236946105E-004
   10.292002002001871        3.4877792854948907E-004
   10.312002002001870        3.4253015620619768E-004
   10.332002002001870        3.3639281324536490E-004
   10.352002002001869        3.3036397111074094E-004
   10.372002002001869        3.2444173422319170E-004
   10.392002002001869        3.1862423942886442E-004
   10.412002002001868        3.1290965545623567E-004
   10.432002002001868        3.0729618238190670E-004
   10.452002002001867        3.0178205110501107E-004
   10.472002002001867        2.9636552283010228E-004
   10.492002002001867        2.9104488855839094E-004
   10.512002002001866        2.8581846858720237E-004
   10.532002002001866        2.8068461201752819E-004
   10.552002002001865        2.7564169626954563E-004
   10.572002002001865        2.7068812660598237E-004
   10.592002002001864        2.6582233566320473E-004
   10.612002002001864        2.6104278298990871E-004
   10.632002002001864        2.5634795459329637E-004
   10.652002002001863        2.5173636249262057E-004
   10.672002002001863        2.4720654427998358E-004
   10.692002002001862        2.4275706268827527E-004
   10.712002002001862        2.3838650516614073E-004
   10.732002002001861        2.3409348345986581E-004
   10.752002002001861        2.2987663320207295E-004
   10.772002002001861        2.2573461350712030E-004
   10.792002002001860        2.2166610657309830E-004
   10.812002002001860        2.1766981729032052E-004
   10.832002002001859        2.1374447285620575E-004
   10.852002002001859        2.0988882239645094E-004
   10.872002002001858        2.0610163659239543E-004
   10.892002002001858        2.0238170731447835E-004
   10.912002002001858        1.9872784726169298E-004
   10.932002002001857        1.9513888960694261E-004
   10.952002002001857        1.9161368764820428E-004
   10.972002002001856        1.8815111446540816E-004
   10.992002002001856        1.8475006258294132E-004
   11.012002002001855        1.8140944363768634E-004
   11.032002002001855        1.7812818805250648E-004
   11.052002002001855        1.7490524471508993E-004
   11.072002002001854        1.7173958066206801E-004
   11.092002002001854        1.6863018076832209E-004
   11.112002002001853        1.6557604744139656E-004
   11.132002002001853        1.6257620032093532E-004
   11.152002002001852        1.5962967598306133E-004
   11.172002002001852        1.5673552764961931E-004
   11.192002002001852        1.5389282490220333E-004
   11.212002002001851        1.5110065340089189E-004
   11.232002002001851        1.4835811460761427E-004
   11.252002002001850        1.4566432551407345E-004
   11.272002002001850        1.4301841837415131E-004
   11.292002002001849        1.4041954044072367E-004
   11.312002002001849        1.3786685370681308E-004
   11.332002002001849        1.3535953465100922E-004
   11.352002002001848        1.3289677398708679E-004
   11.372002002001848        1.3047777641775289E-004
   11.392002002001847        1.2810176039245585E-004
   11.412002002001847        1.2576795786918934E-004
   11.432002002001846        1.2347561408022635E-004
   11.452002002001846        1.2122398730171793E-004
   11.472002002001846        1.1901234862709405E-004
   11.492002002001845        1.1683998174420302E-004
   11.512002002001845        1.1470618271612853E-004
   11.532002002001844        1.1261025976562323E-004
   11.552002002001844        1.1055153306309903E-004
   11.572002002001843        1.0852933451811536E-004
   11.592002002001843        1.0654300757430728E-004
   11.612002002001843        1.0459190700769614E-004
   11.632002002001842        1.0267539872832673E-004
   11.652002002001842        1.0079285958517530E-004
   11.672002002001841        9.8943677174273922E-005
   11.692002002001841        9.7127249649997283E-005
   11.712002002001840        9.5342985539459066E-005
   11.732002002001840        9.3590303559965647E-005
   11.752002002001840        9.1868632439475771E-005
   11.772002002001839        9.0177410740015365E-005
   11.792002002001839        8.8516086683998132E-005
   11.812002002001838        8.6884117983402091E-005
   11.832002002001838        8.5280971671754379E-005
   11.852002002001838        8.3706123938876239E-005
   11.872002002001837        8.2159059968341406E-005
   11.892002002001837        8.0639273777601635E-005
   11.912002002001836        7.9146268060734028E-005
   11.932002002001836        7.7679554033764897E-005
   11.952002002001835        7.6238651282526469E-005
   11.972002002001835        7.4823087613002626E-005
   11.992002002001835        7.3432398904120860E-005
   12.012002002001834        7.2066128962948404E-005
   12.032002002001834        7.0723829382250697E-005
   12.052002002001833        6.9405059400371412E-005
   12.072002002001833        6.8109385763393608E-005
   12.092002002001832        6.6836382589542372E-005
   12.112002002001832        6.5585631235789567E-005
   12.132002002001832        6.4356720166622373E-005
   12.152002002001831        6.3149244824937478E-005
   12.172002002001831        6.1962807505023434E-005
   12.192002002001830        6.0797017227594454E-005
   12.212002002001830        5.9651489616839180E-005
   12.232002002001829        5.8525846779448670E-005
   12.252002002001829        5.7419717185588295E-005
   12.272002002001829        5.6332735551778830E-005
   12.292002002001828        5.5264542725652463E-005
   12.312002002001828        5.4214785572549990E-005
   12.332002002001827        5.3183116863925901E-005
   12.352002002001827        5.2169195167528624E-005
   12.372002002001826        5.1172684739323643E-005
   12.392002002001826        5.0193255417127585E-005
   12.412002002001826        4.9230582515921961E-005
   12.432002002001825        4.8284346724815655E-005
   12.452002002001825        4.7354234005625594E-005
   12.472002002001824        4.6439935493045679E-005
   12.492002002001824        4.5541147396374264E-005
   12.512002002001823        4.4657570902770977E-005
   12.532002002001823        4.3788912082014171E-005
   12.552002002001823        4.2934881792730596E-005
   12.572002002001822        4.2095195590069242E-005
   12.592002002001822        4.1269573634791842E-005
   12.612002002001821        4.0457740603752772E-005
   12.632002002001821        3.9659425601741479E-005
   12.652002002001820        3.8874362074661080E-005
   12.672002002001820        3.8102287724016889E-005
   12.692002002001820        3.7342944422689097E-005
   12.712002002001819        3.6596078131964420E-005
   12.732002002001819        3.5861438819801325E-005
   12.752002002001818        3.5138780380304297E-005
   12.772002002001818        3.4427860554382718E-005
   12.792002002001817        3.3728440851570188E-005
   12.812002002001817        3.3040286472980532E-005
   12.832002002001817        3.2363166235377021E-005
   12.852002002001816        3.1696852496331729E-005
   12.872002002001816        3.1041121080451908E-005
   12.892002002001815        3.0395751206651049E-005
   12.912002002001815        2.9760525416442121E-005
   12.932002002001814        2.9135229503231064E-005
   12.952002002001814        2.8519652442588687E-005
   12.972002002001814        2.7913586323479512E-005
   12.992002002001813        2.7316826280426334E-005
   13.012002002001813        2.6729170426589363E-005
   13.032002002001812        2.6150419787739392E-005
   13.052002002001812        2.5580378237104278E-005
   13.072002002001812        2.5018852431068593E-005
   13.092002002001811        2.4465651745706283E-005
   13.112002002001811        2.3920588214126588E-005
   13.132002002001810        2.3383476464613501E-005
   13.152002002001810        2.2854133659539449E-005
   13.172002002001809        2.2332379435033918E-005
   13.192002002001809        2.1818035841388055E-005
   13.212002002001809        2.1310927284176366E-005
   13.232002002001808        2.0810880466076982E-005
   13.252002002001808        2.0317724329371959E-005
   13.272002002001807        1.9831289999109345E-005
   13.292002002001807        1.9351410726908981E-005
   13.312002002001806        1.8877921835394018E-005
   13.332002002001806        1.8410660663230434E-005
   13.352002002001806        1.7949466510756885E-005
   13.372002002001805        1.7494180586187492E-005
   13.392002002001805        1.7044645952370140E-005
   13.412002002001804        1.6600707474083179E-005
   13.432002002001804        1.6162211765853451E-005
   13.452002002001803        1.5729007140278709E-005
   13.472002002001803        1.5300943556837646E-005
   13.492002002001803        1.4877872571170836E-005
   13.512002002001802        1.4459647284816019E-005
   13.532002002001802        1.4046122295381298E-005
   13.552002002001801        1.3637153647139843E-005
   13.572002002001801        1.3232598782029893E-005
   13.592002002001800        1.2832316491043839E-005
   13.612002002001800        1.2436166865990349E-005
   13.632002002001800        1.2044011251613529E-005
   13.652002002001799        1.1655712198053171E-005
   13.672002002001799        1.1271133413630295E-005
   13.692002002001798        1.0890139717942157E-005
   13.712002002001798        1.0512596995251029E-005
   13.732002002001797        1.0138372148151085E-005
   13.752002002001797        9.7673330514977964E-006
   13.772002002001797        9.3993485065842523E-006
   13.792002002001796        9.0342881955489194E-006
   13.812002002001796        8.6720226359993178E-006
   13.832002002001795        8.3124231358362053E-006
   13.852002002001795        7.9553617482628223E-006
   13.872002002001794        7.6007112269637937E-006
   13.892002002001794        7.2483449814383109E-006
   13.912002002001794        6.8981370324722308E-006
   13.932002002001793        6.5499619677336938E-006
   13.952002002001793        6.2036948974769287E-006
   13.972002002001792        5.8592114103388465E-006
   13.992002002001792        5.5163875292130570E-006
   14.012002002001791        5.1750996671859123E-006
   14.032002002001791        4.8352245835191556E-006
   14.052002002001791        4.4966393396637434E-006
   14.072002002001790        4.1592212552893656E-006
   14.092002002001790        3.8228478643141654E-006
   14.112002002001789        3.4873968709190927E-006
   14.132002002001789        3.1527461055313262E-006
   14.152002002001788        2.8187734807610883E-006
   14.172002002001788        2.4853569472761723E-006
   14.192002002001788        2.1523744495984058E-006
   14.212002002001787        1.8197038818062129E-006
   14.232002002001787        1.4872230431273732E-006
   14.252002002001786        1.1548095934059845E-006
   14.272002002001786        8.2234100842755708E-007
   14.292002002001785        4.8969453508607128E-007
   14.312002002001785        1.5674714637674056E-007
   14.332002002001785       -1.7662450380188988E-007
   14.352002002001784       -5.1054412605297958E-007
   14.372002002001784       -8.4513584111015373E-007
   14.392002002001783       -1.1805242257066991E-006
   14.412002002001783       -1.5168343587020295E-006
   14.432002002001783       -1.8541918674823893E-006
   14.452002002001782       -2.1927229746529035E-006
   14.472002002001782       -2.5325545450382282E-006
   14.492002002001781       -2.8738141330092045E-006
   14.512002002001781       -3.2166300301530819E-006
   14.532002002001780       -3.5611313133050344E-006
   14.552002002001780       -3.9074478929588690E-006
   14.572002002001780       -4.2557105620750079E-006
   14.592002002001779       -4.6060510453039942E-006
   14.612002002001779       -4.9586020486439857E-006
   14.632002002001778       -5.3134973095508775E-006
   14.652002002001778       -5.6708716475199100E-006
   14.672002002001777       -6.0308610151578343E-006
   14.692002002001777       -6.3936025497649198E-006
   14.712002002001777       -6.7592346254463052E-006
   14.732002002001776       -7.1278969057724670E-006
   14.752002002001776       -7.4997303970087613E-006
   14.772002002001775       -7.8748775019342996E-006
   14.792002002001775       -8.2534820742706497E-006
   14.812002002001774       -8.6356894737411017E-006
   14.832002002001774       -9.0216466217815630E-006
   14.852002002001774       -9.4115020579243549E-006
   14.872002002001773       -9.8054059968765464E-006
   14.892002002001773       -1.0203510386314691E-005
   14.912002002001772       -1.0605968965418191E-005
   14.932002002001772       -1.1012937324163795E-005
   14.952002002001771       -1.1424572963404059E-005
   14.972002002001771       -1.1841035355752946E-005
   14.992002002001771       -1.2262486007302086E-005
   15.012002002001770       -1.2689088520191526E-005
   15.032002002001770       -1.3121008656059199E-005
   15.052002002001769       -1.3558414400393716E-005
   15.072002002001769       -1.4001476027815392E-005
   15.092002002001768       -1.4450366168310913E-005
   15.112002002001768       -1.4905259874447332E-005
   15.132002002001768       -1.5366334689591584E-005
   15.152002002001767       -1.5833770717162067E-005
   15.172002002001767       -1.6307750690939283E-005
   15.192002002001766       -1.6788460046463014E-005
   15.212002002001766       -1.7276086993543810E-005
   15.232002002001765       -1.7770822589917258E-005
   15.252002002001765       -1.8272860816069739E-005
   15.272002002001765       -1.8782398651265015E-005
   15.292002002001764       -1.9299636150801435E-005
   15.312002002001764       -1.9824776524530009E-005
   15.332002002001763       -2.0358026216664199E-005
   15.352002002001763       -2.0899594986912723E-005
   15.372002002001762       -2.1449695992967280E-005
   15.392002002001762       -2.2008545874377618E-005
   15.412002002001762       -2.2576364837846907E-005
   15.432002002001761       -2.3153376743981040E-005
   15.452002002001761       -2.3739809195525993E-005
   15.472002002001760       -2.4335893627128035E-005
   15.492002002001760       -2.4941865396652167E-005
   15.512002002001759       -2.5557963878094818E-005
   15.532002002001759       -2.6184432556127488E-005
   15.552002002001759       -2.6821519122308643E-005
   15.572002002001758       -2.7469475573001899E-005
   15.592002002001758       -2.8128558309039177E-005
   15.612002002001757       -2.8799028237168283E-005
   15.632002002001757       -2.9481150873324963E-005
   15.652002002001757       -3.0175196447770436E-005
   15.672002002001756       -3.0881440012135870E-005
   15.692002002001756       -3.1600161548416343E-005
   15.712002002001755       -3.2331646079957410E-005
   15.732002002001755       -3.3076183784478243E-005
   15.752002002001754       -3.3834070109176265E-005
   15.772002002001754       -3.4605605887958753E-005
   15.792002002001754       -3.5391097460848115E-005
   15.812002002001753       -3.6190856795608139E-005
   15.832002002001753       -3.7005201611639468E-005
   15.852002002001752       -3.7834455506193586E-005
   15.872002002001752       -3.8678948082955383E-005
   15.892002002001751       -3.9539015083045424E-005
   15.912002002001751       -4.0414998518493973E-005
   15.932002002001751       -4.1307246808239850E-005
   15.952002002001750       -4.2216114916708192E-005
   15.972002002001750       -4.3141964495022192E-005
   15.992002002001749       -4.4085164024905050E-005
   16.012002002001751       -4.5046088965329571E-005
   16.032002002001754       -4.6025121901972831E-005
   16.052002002001750       -4.7022652699537177E-005
   16.072002002001753       -4.8039078656996551E-005
   16.092002002001749       -4.9074804665830642E-005
   16.112002002001752       -5.0130243371309911E-005
   16.132002002001748       -5.1205815336895589E-005
   16.152002002001751       -5.2301949211820188E-005
   16.172002002001747       -5.3419081901915369E-005
   16.192002002001750       -5.4557658743755128E-005
   16.212002002001746       -5.5718133682183769E-005
   16.232002002001749       -5.6900969451299471E-005
   16.252002002001745       -5.8106637758965527E-005
   16.272002002001749       -5.9335619474922863E-005
   16.292002002001745       -6.0588404822578877E-005
   16.312002002001748       -6.1865493574549048E-005
   16.332002002001744       -6.3167395252029348E-005
   16.352002002001747       -6.4494629328078944E-005
   16.372002002001743       -6.5847725434894360E-005
   16.392002002001746       -6.7227223575157708E-005
   16.412002002001742       -6.8633674337543506E-005
   16.432002002001745       -7.0067639116469808E-005
   16.452002002001741       -7.1529690336181610E-005
   16.472002002001744       -7.3020411679255859E-005
   16.492002002001740       -7.4540398319619233E-005
   16.512002002001744       -7.6090257160171939E-005
   16.532002002001740       -7.7670607075112070E-005
   16.552002002001743       -7.9282079157057527E-005
   16.572002002001739       -8.0925316969064103E-005
   16.592002002001742       -8.2600976801640389E-005
   16.612002002001738       -8.4309727934862042E-005
   16.632002002001741       -8.6052252905690363E-005
   16.652002002001737       -8.7829247780601540E-005
   16.672002002001740       -8.9641422433635846E-005
   16.692002002001736       -9.1489500829977700E-005
   16.712002002001739       -9.3374221315179810E-005
   16.732002002001735       -9.5296336910147056E-005
   16.752002002001738       -9.7256615611997921E-005
   16.772002002001734       -9.9255840700923642E-005
   16.792002002001738       -1.0129481105316778E-004
   16.812002002001734       -1.0337434146025116E-004
   16.832002002001737       -1.0549526295456984E-004
   16.852002002001733       -1.0765842314149608E-004
   16.872002002001736       -1.0986468653811523E-004
   16.892002002001732       -1.1211493491873376E-004
   16.912002002001735       -1.1441006766729647E-004
   16.932002002001731       -1.1675100213685399E-004
   16.952002002001734       -1.1913867401622383E-004
   16.972002002001730       -1.2157403770399204E-004
   16.992002002001733       -1.2405806669000451E-004
   17.012002002001729       -1.2659175394450054E-004
   17.032002002001732       -1.2917611231504447E-004
   17.052002002001728       -1.3181217493141379E-004
   17.072002002001732       -1.3450099561860559E-004
   17.092002002001728       -1.3724364931812642E-004
   17.112002002001731       -1.4004123251773424E-004
   17.132002002001727       -1.4289486368980407E-004
   17.152002002001730       -1.4580568373849249E-004
   17.172002002001726       -1.4877485645587999E-004
   17.192002002001729       -1.5180356898727334E-004
   17.212002002001725       -1.5489303230585433E-004
   17.232002002001728       -1.5804448169686421E-004
   17.252002002001724       -1.6125917725151769E-004
   17.272002002001727       -1.6453840437084409E-004
   17.292002002001723       -1.6788347427965685E-004
   17.312002002001726       -1.7129572455085699E-004
   17.332002002001722       -1.7477651964028024E-004
   17.352002002001726       -1.7832725143230162E-004
   17.372002002001722       -1.8194933979641577E-004
   17.392002002001725       -1.8564423315501545E-004
   17.412002002001721       -1.8941340906259528E-004
   17.432002002001724       -1.9325837479661234E-004
   17.452002002001720       -1.9718066796024010E-004
   17.472002002001723       -2.0118185709725635E-004
   17.492002002001719       -2.0526354231931125E-004
   17.512002002001722       -2.0942735594582648E-004
   17.532002002001718       -2.1367496315678115E-004
   17.552002002001721       -2.1800806265864542E-004
   17.572002002001717       -2.2242838736372870E-004
   17.592002002001720       -2.2693770508321352E-004
   17.612002002001717       -2.3153781923415242E-004
   17.632002002001720       -2.3623056956071088E-004
   17.652002002001716       -2.4101783286994434E-004
   17.672002002001719       -2.4590152378240371E-004
   17.692002002001715       -2.5088359549786963E-004
   17.712002002001718       -2.5596604057652206E-004
   17.732002002001714       -2.6115089173585652E-004
   17.752002002001717       -2.6644022266366713E-004
   17.772002002001713       -2.7183614884742063E-004
   17.792002002001716       -2.7734082842035331E-004
   17.812002002001712       -2.8295646302462944E-004
   17.832002002001715       -2.8868529869190628E-004
   17.852002002001711       -2.9452962674165795E-004
   17.872002002001715       -3.0049178469761695E-004
   17.892002002001711       -3.0657415722270105E-004
   17.912002002001714       -3.1277917707279822E-004
   17.932002002001710       -3.1910932606979159E-004
   17.952002002001713       -3.2556713609421399E-004
   17.972002002001709       -3.3215519009792839E-004
   17.992002002001712       -3.3887612313723988E-004
   18.012002002001708       -3.4573262342685188E-004
   18.032002002001711       -3.5272743341508881E-004
   18.052002002001707       -3.5986335088081456E-004
   18.072002002001710       -3.6714323005248623E-004
   18.092002002001706       -3.7456998274978964E-004
   18.112002002001709       -3.8214657954831487E-004
   18.132002002001705       -3.8987605096773599E-004
   18.152002002001709       -3.9776148868397149E-004
   18.172002002001705       -4.0580604676580947E-004
   18.192002002001708       -4.1401294293649273E-004
   18.212002002001704       -4.2238545986076796E-004
   18.232002002001707       -4.3092694645791420E-004
   18.252002002001703       -4.3964081924127550E-004
   18.272002002001706       -4.4853056368483388E-004
   18.292002002001702       -4.5759973561736872E-004
   18.312002002001705       -4.6685196264476073E-004
   18.332002002001701       -4.7629094560100915E-004
   18.352002002001704       -4.8592046002854259E-004
   18.372002002001700       -4.9574435768841556E-004
   18.392002002001703       -5.0576656810099533E-004
   18.412002002001699       -5.1599110011775451E-004
   18.432002002001703       -5.2642204352479826E-004
   18.452002002001699       -5.3706357067876830E-004
   18.472002002001702       -5.4791993817577720E-004
   18.492002002001698       -5.5899548855404115E-004
   18.512002002001701       -5.7029465203089125E-004
   18.532002002001697       -5.8182194827485995E-004
   18.552002002001700       -5.9358198821354890E-004
   18.572002002001696       -6.0557947587800451E-004
   18.592002002001699       -6.1781921028433587E-004
   18.612002002001695       -6.3030608735332972E-004
   18.632002002001698       -6.4304510186882942E-004
   18.652002002001694       -6.5604134947566195E-004
   18.672002002001697       -6.6930002871791146E-004
   18.692002002001693       -6.8282644311835471E-004
   18.712002002001697       -6.9662600329989063E-004
   18.732002002001693       -7.1070422914981245E-004
   18.752002002001696       -7.2506675202778782E-004
   18.772002002001692       -7.3971931701843083E-004
   18.792002002001695       -7.5466778522936514E-004
   18.812002002001691       -7.6991813613570034E-004
   18.832002002001694       -7.8547646997185723E-004
   18.852002002001690       -8.0134901017169869E-004
   18.872002002001693       -8.1754210585794371E-004
   18.892002002001689       -8.3406223438185919E-004
   18.912002002001692       -8.5091600391424540E-004
   18.932002002001688       -8.6811015608875212E-004
   18.952002002001691       -8.8565156869858247E-004
   18.972002002001688       -9.0354725844766332E-004
   18.992002002001691       -9.2180438375738202E-004
   19.012002002001687       -9.4043024763001363E-004
   19.032002002001690       -9.5943230056998218E-004
   19.052002002001686       -9.7881814356412609E-004
   19.072002002001689       -9.9859553112215983E-004
   19.092002002001685       -1.0187723743785456E-003
   19.112002002001688       -1.0393567442570206E-003
   19.132002002001684       -1.0603568746990390E-003
   19.152002002001687       -1.0817811659574279E-003
   19.172002002001683       -1.1036381879565671E-003
   19.192002002001686       -1.1259366837204428E-003
   19.212002002001682       -1.1486855728699440E-003
   19.232002002001686       -1.1718939551907987E-003
   19.252002002001682       -1.1955711142735801E-003
   19.272002002001685       -1.2197265212272389E-003
   19.292002002001681       -1.2443698384676444E-003
   19.312002002001684       -1.2695109235826526E-003
   19.332002002001680       -1.2951598332752447E-003
   19.352002002001683       -1.3213268273863168E-003
   19.372002002001679       -1.3480223729987273E-003
   19.392002002001682       -1.3752571486242424E-003
   19.412002002001678       -1.4030420484750607E-003
   19.432002002001681       -1.4313881868216166E-003
   19.452002002001677       -1.4603069024384141E-003
   19.472002002001680       -1.4898097631396640E-003
   19.492002002001676       -1.5199085704065403E-003
   19.512002002001680       -1.5506153641079076E-003
   19.532002002001676       -1.5819424273164078E-003
   19.552002002001679       -1.6139022912218302E-003
   19.572002002001675       -1.6465077401437334E-003
   19.592002002001678       -1.6797718166453230E-003
   19.612002002001674       -1.7137078267506311E-003
   19.632002002001677       -1.7483293452670817E-003
   19.652002002001673       -1.7836502212155757E-003
   19.672002002001676       -1.8196845833702649E-003
   19.692002002001672       -1.8564468459102315E-003
   19.712002002001675       -1.8939517141853322E-003
   19.732002002001671       -1.9322141905985177E-003
   19.752002002001674       -1.9712495806069744E-003
   19.772002002001670       -2.0110734988444956E-003
   19.792002002001674       -2.0517018753675250E-003
   19.812002002001670       -2.0931509620273755E-003
   19.832002002001673       -2.1354373389711693E-003
   19.852002002001669       -2.1785779212741027E-003
   19.872002002001672       -2.2225899657056861E-003
   19.892002002001668       -2.2674910776326646E-003
   19.912002002001671       -2.3132992180613858E-003
   19.932002002001667       -2.3600327108224280E-003
   19.952002002001670       -2.4077102499003595E-003
