   0.00000000       0.00000000       0.00000000       0.00000000       0.00000000    
  0.100000001       0.00000000      0.236190215      -3.43597384E+10   0.00000000    
  0.200000003       0.00000000      0.173690215      -3.43597384E+10   5.88545355E-44
  0.300000012       0.00000000      0.173690215      -3.43597384E+10   1.17849201E-42
  0.400000006       0.00000000      0.173690215      -3.43597384E+10   1.48901975E-41
  0.500000000       0.00000000      0.173690215      -3.43597384E+10   9.57871578E-41
  0.600000024       0.00000000      0.173690215      -3.43597384E+10   3.01549620E-40
  0.699999988       0.00000000      0.173690215      -3.43597384E+10   1.05953158E-39
  0.800000012       0.00000000      0.173690215      -3.43597384E+10   3.81205591E-39
  0.900000036       0.00000000      0.173690215      -3.43597384E+10   8.92816577E-39
   1.00000000       0.00000000      0.173690215      -3.43597384E+10   2.55334012E-38
   1.10000002       0.00000000      0.173690215      -3.43597384E+10   2.23569771E-37
   1.20000005       0.00000000      0.173690215      -3.43597384E+10   5.89507027E-37
   1.30000007       0.00000000      0.173690215      -3.43597384E+10   2.77427486E-35
   1.39999998       0.00000000      0.173690215      -3.43597384E+10   5.29798243E-32
   1.50000000       0.00000000      0.173690215      -3.43597384E+10   6.95274312E-29
   1.60000002       0.00000000      0.173690215      -3.43597384E+10   5.79355560E-14
   1.70000005       0.00000000      0.173690215      -3.43597384E+10   2.56265395E-07
   1.80000007       0.00000000      0.173690215      -3.43597384E+10   2.12243585E+20
   1.89999998       0.00000000      0.173690215      -3.43597384E+10  -7.28110754E-05
   2.00000000       0.00000000      0.173690215      -3.43597384E+10   2.54930635E-32
   2.10000014       1.40129846E-45  0.173690215      -3.43597384E+10  -5.27486301E-36
   2.20000005       1.40129846E-45  0.173690215      -3.43597384E+10  -2.16292782E-24
   2.29999995       2.80259693E-45  0.173690215      -3.43597384E+10  -1.04585455E+21
   2.40000010       2.80259693E-45  0.173690215      -3.43597384E+10   313964.406    
   2.50000000       4.20389539E-45  0.173690215      -3.43597384E+10   2.06725652E-12
   2.60000014       5.60519386E-45  0.173690215      -3.43597384E+10   3.26831775E-27
   2.70000005       9.80908925E-45  0.173690215      -3.43597384E+10   9.07313037E+19
   2.79999995       1.26116862E-44  0.173690215      -3.43597384E+10  -3.34953479E-33
   2.90000010       1.40129846E-44  0.173690215      -3.43597384E+10   3.10639800E-18
   3.00000000       1.82168800E-44  0.173690215      -3.43597384E+10  -7.19886817E-10
   3.10000014       2.38220739E-44  0.173690215      -3.43597384E+10   561557056.    
   3.20000005       4.34402524E-44  0.173690215      -3.43597384E+10  -1.80419935E-37
   3.29999995       5.04467447E-44  0.173690215      -3.43597384E+10   5.98607660E-16
   3.40000010       5.74532370E-44  0.173690215      -3.43597384E+10  -3.58335824E-33
   3.50000000       7.28675201E-44  0.173690215      -3.43597384E+10  -9.47024441    
   3.60000014       9.52882956E-44  0.173690215      -3.43597384E+10   3.61305501E-05
   3.70000005       1.77964905E-43  0.173690215      -3.43597384E+10   5.15907426E-33
   3.79999995       2.03188277E-43  0.173690215      -3.43597384E+10  -4.60500946E-24
   3.90000010       2.34016844E-43  0.173690215      -3.43597384E+10   7.33397760E-16
   4.00000000       2.91470081E-43  0.173690215      -3.43597384E+10   2.61072173E-36
   4.09999990       4.07777853E-43  0.173690215      -3.43597384E+10   3.32213457E-09
   4.20000029       3.83955779E-43  0.173690215      -3.43597384E+10  -6.40361641E+19
   4.30000019       4.68033687E-43  0.173690215      -3.43597384E+10   87438144.0    
   4.40000010       7.13260918E-43  0.173690215      -3.43597384E+10   3.01423133E-15
   4.50000000       5.82940161E-43  0.173690215      -3.43597384E+10   1.13263500E-33
   4.59999990       8.15555706E-43  0.173690215      -3.43597384E+10   1.85012264E+21
   4.70000029       7.67911558E-43  0.173690215      -3.43597384E+10  -5.88562965    
   4.80000019       9.36067374E-43  0.173690215      -3.43597384E+10  -1.06266892E-23
   4.90000010       1.42792314E-42  0.173690215      -3.43597384E+10   1.49649830E+09
   5.00000000       1.16728162E-42  0.173690215      -3.43597384E+10   1.95939286E-28
   5.09999990       1.63111141E-42  0.173690215      -3.43597384E+10  -4645.80420    
   5.20000029       1.53722442E-42  0.173690215      -3.43597384E+10  -4.56753571E-38
   5.30000019       1.87353605E-42  0.173690215      -3.43597384E+10   1.80560296E-08
   5.40000010       2.85584627E-42  0.173690215      -3.43597384E+10  -3.02805013E-21
   5.50000000       2.33456324E-42  0.173690215      -3.43597384E+10   6.52595087E-18
   5.59999990       3.26222282E-42  0.173690215      -3.43597384E+10  -3.12699335E-32
   5.70000029       3.07585013E-42  0.173690215      -3.43597384E+10   3.54647499E-37
   5.80000019       3.74847339E-42  0.173690215      -3.43597384E+10   5.37760195E+22
   5.90000010       5.71169254E-42  0.173690215      -3.43597384E+10   1.53797923E-03
   6.00000000       4.66912648E-42  0.173690215      -3.43597384E+10   7216.96631    
   6.09999990       6.52444565E-42  0.173690215      -3.43597384E+10   1.58913626E-25
   6.20000029       6.15170026E-42  0.173690215      -3.43597384E+10   2.13207555E-35
   6.30000019       7.49694678E-42  0.173690215      -3.43597384E+10  -3873185.25    
   6.40000010       1.14247864E-41  0.173690215      -3.43597384E+10   3.73125380E+32
   6.50000000       9.33965426E-42  0.173690215      -3.43597384E+10  -7.51345250E-32
   6.59999990       1.30502926E-41  0.173690215      -3.43597384E+10   3.90659510E-12
   6.70000029       1.23034005E-41  0.173690215      -3.43597384E+10   7.60520160E-32
   6.80000019       1.49938936E-41  0.173690215      -3.43597384E+10  -2.18913015E-26
   6.90000010       2.28495728E-41  0.173690215      -3.43597384E+10  -2.01097605E+26
   7.00000000       1.86793085E-41  0.173690215      -3.43597384E+10   8.66735084E-25
   7.09999990       2.61019865E-41  0.173690215      -3.43597384E+10   2.58433041E+15
   7.20000029       2.46082023E-41  0.173690215      -3.43597384E+10   8.97521071E-25
   7.30000019       2.99877871E-41  0.173690215      -3.43597384E+10   7.88710799E-14
   7.40000010       4.56991455E-41  0.173690215      -3.43597384E+10  -5.62642268E+13
   7.50000000       3.73600184E-41  0.173690215      -3.43597384E+10   1.27548916E-10
   7.59999990       5.22039730E-41  0.173690215      -3.43597384E+10  -9.65108349E-09
   7.70000029       4.92164047E-41  0.173690215      -3.43597384E+10   1.36214387E-10
   7.80000019       5.99769756E-41  0.173690215      -3.43597384E+10   9.75832809E+11
   7.90000010       9.13996923E-41  0.173690215      -3.43597384E+10  -4.35921178E-12
   8.00000000       7.47200367E-41  0.173690215      -3.43597384E+10   2.74689038E+18
   8.10000038       8.08787435E-41  0.173690215      -3.43597384E+10   42.3208351    
   8.19999981       1.04407946E-40  0.173690215      -3.43597384E+10   1.50236706E+22
   8.30000019       1.28646206E-40  0.173690215      -3.43597384E+10   9.72468159E-14
   8.40000057       9.84328093E-41  0.173690215      -3.43597384E+10   3.09016506E+18
   8.50000000       1.28646206E-40  0.173690215      -3.43597384E+10   1.37288514E-26
   8.60000038       1.19953951E-40  0.173690215      -3.43597384E+10  -1.37672892E-15
   8.69999981       1.54197482E-40  0.173690215      -3.43597384E+10  -4.18801075E+09
   8.80000019       1.82799385E-40  0.173690215      -3.43597384E+10   3.14464298E+15
   8.90000057       1.53302052E-40  0.173690215      -3.43597384E+10  -8.37209739E-28
   9.00000000       1.49440073E-40  0.173690215      -3.43597384E+10  -1.08011523E-02
   9.10000038       1.61757487E-40  0.173690215      -3.43597384E+10  -2.47519926E-36
   9.19999981       2.08817293E-40  0.173690215      -3.43597384E+10  -309693.250    
   9.30000019       2.57293812E-40  0.173690215      -3.43597384E+10   1.56303072E+12
   9.40000057       1.96865619E-40  0.173690215      -3.43597384E+10  -1.31272729E-02
   9.50000000       2.57293812E-40  0.173690215      -3.43597384E+10   3.19584142E-14
   9.60000038       2.39909304E-40  0.173690215      -3.43597384E+10   295310656.    
   9.69999981       3.08396365E-40  0.173690215      -3.43597384E+10  -2.57550729E-20
   9.80000019       3.65598769E-40  0.173690215      -3.43597384E+10  -1.33589220E-08
   9.90000057       3.06605505E-40  0.173690215      -3.43597384E+10   1.19108158E-16
