  -10.0000000      -60.0433350    
  -9.96000004      -59.8144531    
  -9.92000008      -59.4711304    
  -9.88000011      -59.2803955    
  -9.84000015      -59.0515137    
  -9.80000019      -58.8226318    
  -9.76000023      -58.5556030    
  -9.72000027      -58.2885742    
  -9.68000031      -58.0978394    
  -9.64000034      -57.8308105    
  -9.60000038      -57.6400757    
  -9.56000042      -57.2967529    
  -9.52000046      -56.9915771    
  -9.47999954      -57.0678711    
  -9.43999958      -56.6101074    
  -9.39999962      -56.4193726    
  -9.35999966      -56.1141968    
  -9.31999969      -55.9234619    
  -9.27999973      -55.7327271    
  -9.23999977      -55.4275513    
  -9.19999981      -55.1605225    
  -9.15999985      -55.0079346    
  -9.11999989      -54.6646118    
  -9.07999992      -54.5120239    
  -9.03999996      -54.2449951    
  -9.00000000      -53.9779663    
  -8.96000004      -53.7872314    
  -8.92000008      -53.5202026    
  -8.88000011      -53.2531738    
  -8.84000015      -53.0624390    
  -8.80000019      -52.7954102    
  -8.76000023      -52.5665283    
  -8.72000027      -52.2994995    
  -8.68000031      -52.0706177    
  -8.64000034      -51.8798828    
  -8.60000038      -51.5747070    
  -8.56000042      -51.3839722    
  -8.52000046      -50.9643555    
  -8.47999954      -51.1550903    
  -8.44000053      -50.3540039    
  -8.39999962      -50.5447388    
  -8.35999966      -50.1632690    
  -8.31999969      -49.9343872    
  -8.27999973      -49.6673584    
  -8.23999977      -49.4384766    
  -8.19999981      -49.1714478    
  -8.15999985      -48.9807129    
  -8.11999989      -48.7518311    
  -8.07999992      -48.4466553    
  -8.03999996      -48.2559204    
  -8.00000000      -47.9888916    
  -7.96000004      -47.7790833    
  -7.92000008      -47.4929810    
  -7.88000011      -47.3022461    
  -7.84000015      -47.0161438    
  -7.80000019      -46.8063354    
  -7.76000023      -46.5774536    
  -7.72000027      -46.2913513    
  -7.68000031      -46.1196899    
  -7.64000034      -45.8145142    
  -7.60000038      -45.5474854    
  -7.55999994      -45.4139709    
  -7.51999998      -45.1278687    
  -7.48000002      -44.8608398    
  -7.44000006      -44.6701050    
  -7.40000010      -44.3649292    
  -7.36000013      -44.1741943    
  -7.32000017      -43.8880920    
  -7.27999973      -43.7164307    
  -7.23999977      -43.4303284    
  -7.19999981      -43.2205200    
  -7.15999985      -42.9344177    
  -7.11999989      -42.7436829    
  -7.07999992      -42.4766541    
  -7.03999996      -42.2286987    
  -7.00000000      -41.9998169    
  -6.96000004      -41.7709351    
  -6.92000008      -41.5039062    
  -6.88000011      -41.2940979    
  -6.84000015      -41.0270691    
  -6.80000019      -40.8172607    
  -6.76000023      -40.5693054    
  -6.72000027      -40.2832031    
  -6.68000031      -40.0924683    
  -6.64000034      -39.8635864    
  -6.60000038      -39.5584106    
  -6.56000042      -39.3486023    
  -6.51999998      -39.1578674    
  -6.48000002      -38.8908386    
  -6.44000006      -38.6238098    
  -6.40000010      -38.3949280    
  -6.36000013      -38.1755829    
  -6.32000017      -37.8799438    
  -6.27999973      -37.6987457    
  -6.23999977      -37.4698639    
  -6.19999981      -37.1837616    
  -6.15999985      -36.9548798    
  -6.11999989      -36.7259979    
  -6.07999992      -36.4685059    
  -6.03999996      -36.2586975    
  -6.00000000      -35.9821320    
  -5.96000004      -35.7818604    
  -5.92000008      -35.5052948    
  -5.88000011      -35.2859497    
  -5.84000015      -35.0379944    
  -5.80000019      -34.7805023    
  -5.76000023      -34.5897675    
  -5.72000027      -34.3036652    
  -5.68000031      -34.0557098    
  -5.63999987      -33.8745117    
  -5.59999990      -33.5884094    
  -5.55999994      -33.3690643    
  -5.51999998      -33.1115723    
  -5.48000002      -32.8922272    
  -5.44000006      -32.6347351    
  -5.40000010      -32.3867798    
  -5.36000013      -32.1769714    
  -5.32000017      -31.9099426    
  -5.28000021      -31.6905975    
  -5.24000025      -31.4235687    
  -5.20000029      -31.2137604    
  -5.16000032      -30.9371948    
  -5.11999989      -30.7273865    
  -5.07999992      -30.4985046    
  -5.03999996      -30.2314758    
  -5.00000000      -30.0025940    
  -4.96000004      -29.7546387    
  -4.92000008      -29.5257568    
  -4.88000011      -29.2778015    
  -4.84000015      -29.0393829    
  -4.80000019      -28.8009644    
  -4.76000023      -28.5625458    
  -4.72000027      -28.3145905    
  -4.68000031      -28.0857086    
  -4.64000034      -27.8186798    
  -4.59999990      -27.6184082    
  -4.55999994      -27.3561478    
  -4.51999998      -27.1224976    
  -4.48000002      -26.8840790    
  -4.44000006      -26.6361237    
  -4.40000010      -26.4024734    
  -4.36000013      -26.1545181    
  -4.32000017      -25.9256363    
  -4.28000021      -25.6776810    
  -4.24000025      -25.4440308    
  -4.20000029      -25.1960754    
  -4.16000032      -24.9576569    
  -4.12000036      -24.7049332    
  -4.07999992      -24.4998932    
  -4.03999996      -24.2376328    
  -4.00000000      -24.0015984    
  -3.96000004      -23.7584114    
  -3.92000008      -23.5176086    
  -3.88000011      -23.2815742    
  -3.84000015      -23.0431557    
  -3.80000019      -22.7975845    
  -3.76000023      -22.5591660    
  -3.72000027      -22.3207474    
  -3.68000031      -22.0799446    
  -3.64000034      -21.8391418    
  -3.60000038      -21.5888023    
  -3.55999994      -21.3742256    
  -3.51999998      -21.1167336    
  -3.48000002      -20.8806992    
  -3.44000006      -20.6398964    
  -3.40000010      -20.4038620    
  -3.36000013      -20.1535225    
  -3.32000017      -19.9222565    
  -3.28000021      -19.6814537    
  -3.24000025      -19.4406509    
  -3.20000029      -19.1986561    
  -3.16000032      -18.9602375    
  -3.12000036      -18.7110901    
  -3.07999992      -18.4881687    
  -3.03999996      -18.2402134    
  -3.00000000      -18.0006027    
  -2.96000004      -17.7598000    
  -2.92000008      -17.5178051    
  -2.88000011      -17.2829628    
  -2.84000015      -17.0397758    
  -2.80000019      -16.7989731    
  -2.76000023      -16.5593624    
  -2.72000027      -16.3209438    
  -2.68000031      -16.0789490    
  -2.64000034      -15.8417225    
  -2.60000038      -15.5937672    
  -2.55999994      -15.3648853    
  -2.51999998      -15.1205063    
  -2.48000002      -14.8797035    
  -2.44000006      -14.6400928    
  -2.40000010      -14.4004822    
  -2.36000013      -14.1596794    
  -2.32000017      -13.9194727    
  -2.28000021      -13.6804581    
  -2.24000025      -13.4396553    
  -2.20000029      -13.2006407    
  -2.16000032      -12.9592419    
  -2.12000036      -12.7208233    
  -2.08000040      -12.4752522    
  -2.03999996      -12.2445822    
  -2.00000000      -11.9999056    
  -1.96000004      -11.7594004    
  -1.92000008      -11.5206842    
  -1.88000011      -11.2795830    
  -1.84000015      -11.0399723    
  -1.80000019      -10.8000641    
  -1.76000023      -10.5601549    
  -1.72000027      -10.3199482    
  -1.68000031      -10.0797415    
  -1.64000034      -9.83983326    
  -1.60000038      -9.60052013    
  -1.56000042      -9.35971737    
  -1.52000046      -9.11995792    
  -1.48000050      -8.87989998    
  -1.44000053      -8.64014053    
  -1.40000057      -8.39993382    
  -1.36000061      -8.16002464    
  -1.32000065      -7.91713619    
  -1.27999973      -7.68296432    
  -1.23999977      -7.44000101    
  -1.19999981      -7.20001793    
  -1.15999985      -6.95995998    
  -1.11999989      -6.71997690    
  -1.07999992      -6.47999382    
  -1.03999996      -6.24001026    
  -1.00000000      -5.99995279    
 -0.960000038      -5.76004410    
 -0.920000076      -5.51994896    
 -0.880000114      -5.28004026    
 -0.840000153      -5.03990793    
 -0.800000191      -4.80007410    
 -0.760000229      -4.55994177    
 -0.720000267      -4.32001448    
 -0.680000305      -4.07999372    
 -0.640000343      -3.83999205    
 -0.600000381      -3.59999967    
 -0.560000420      -3.35998845    
 -0.520000458      -3.12000060    
 -0.480000496      -2.87999868    
 -0.440000534      -2.63999224    
 -0.400000572      -2.40000439    
 -0.360000610      -2.15999794    
 -0.320000648      -1.92000067    
 -0.280000687      -1.67989933    
 -0.239999771      -1.44013441    
 -0.199999809      -1.19999695    
 -0.159999847     -0.959997237    
 -0.119999886     -0.719997942    
  -7.99999237E-02 -0.479998648    
  -3.99999619E-02 -0.239999324    
   0.00000000       0.00000000    
   3.99999619E-02  0.239999324    
   7.99999237E-02  0.479998648    
  0.119999886      0.719997942    
  0.159999847      0.959997177    
  0.199999809       1.19999695    
  0.239999771       1.43999588    
  0.279999733       1.67999423    
  0.319999695       1.91999376    
  0.359999657       2.15999317    
  0.399999619       2.39999032    
  0.439999580       2.63999677    
  0.479999542       2.87998486    
  0.519999504       3.11999583    
  0.559999466       3.35997915    
  0.599999428       3.60000896    
  0.639999390       3.83997345    
  0.679999352       4.07999372    
  0.719999313       4.32102013    
  0.760000229       4.55901051    
  0.800000191       4.80007410    
  0.840000153       5.03990793    
  0.880000114       5.28004026    
  0.920000076       5.51994896    
  0.960000038       5.76004410    
   1.00000000       5.99995279    
   1.03999996       6.24001026    
   1.07999992       6.47999382    
   1.11999989       6.71997690    
   1.15999985       6.95995998    
   1.19999981       7.20001793    
   1.23999977       7.44000101    
   1.27999973       7.67976046    
   1.31999969       7.92011642    
   1.35999966       8.16002464    
   1.39999962       8.39993382    
   1.43999958       8.63999176    
   1.47999954       8.87989998    
   1.51999950       9.11995792    
   1.55999947       9.36031342    
   1.59999943       9.59962654    
   1.63999939       9.83983326    
   1.67999935       10.0803375    
   1.71999931       10.3196507    
   1.75999928       10.5661154    
   1.80000019       10.7944012    
   1.84000015       11.0399723    
   1.88000011       11.2795830    
   1.92000008       11.5206842    
   1.96000004       11.7594004    
   2.00000000       12.0002031    
   2.03999996       12.2404099    
   2.07999992       12.4800205    
   2.11999989       12.7196312    
   2.15999985       12.9598379    
   2.19999981       13.2006407    
   2.23999977       13.4390593    
   2.27999973       13.6810541    
   2.31999969       13.9188766    
   2.35999966       14.1608715    
   2.39999962       14.3992901    
   2.43999958       14.6406889    
   2.47999954       14.8791075    
   2.51999950       15.1205063    
   2.55999947       15.3589249    
   2.59999943       15.5997276    
   2.63999939       15.8405304    
   2.67999935       16.0801411    
   2.71999931       16.3197517    
   2.75999928       16.5605545    
   2.79999924       16.8132782    
   2.84000015       17.0254707    
   2.88000011       17.2829628    
   2.92000008       17.5178051    
   2.96000004       17.7598000    
   3.00000000       18.0006027    
   3.03999996       18.2402134    
   3.07999992       18.4774399    
   3.11999989       18.7218189    
   3.15999985       18.9614296    
   3.19999981       19.1998482    
   3.23999977       19.4382668    
   3.27999973       19.6790695    
   3.31999969       19.9222565    
   3.35999966       20.1582909    
   3.39999962       20.4014778    
   3.43999958       20.6375122    
   3.47999954       20.8830833    
   3.51999950       21.1191177    
   3.55999947       21.3599205    
   3.59999943       21.5983391    
   3.63999939       21.8415260    
   3.67999935       22.0799446    
   3.71999931       22.3183632    
   3.75999928       22.5615501    
   3.79999924       22.8238106    
   3.84000015       23.0169296    
   3.88000011       23.2815742    
   3.92000008       23.5176086    
   3.96000004       23.7584114    
   4.00000000       23.9992142    
   4.03999996       24.2376328    
   4.07999992       24.4855881    
   4.11999989       24.7144699    
   4.15999985       24.9624252    
   4.19999981       25.2008438    
   4.23999977       25.4344940    
   4.27999973       25.6872177    
   4.31999969       25.9208679    
   4.35999966       26.1497498    
   4.39999962       26.4072418    
   4.43999958       26.6408920    
   4.47999954       26.8745422    
   4.51999950       27.1224976    
   4.55999947       27.3609161    
   4.59999943       27.6041031    
   4.63999939       27.8329849    
   4.67999935       28.0809402    
   4.71999931       28.3241272    
   4.75999928       28.5577774    
   4.79999924       28.8009644    
   4.83999920       29.0775299    
   4.88000011       29.2396545    
   4.92000008       29.5257568    
   4.96000004       29.7546387    
   5.00000000       30.0025940    
   5.03999996       30.2314758    
   5.07999992       30.4985046    
   5.11999989       30.7083130    
   5.15999985       30.9562683    
   5.19999981       31.2042236    
   5.23999977       31.4331055    
   5.27999973       31.6905975    
   5.31999969       31.9194794    
   5.35999966       32.1578979    
   5.39999962       32.3963165    
   5.43999958       32.6442719    
   5.47999954       32.8731537    
   5.51999950       33.1211090    
   5.55999947       33.3595276    
   5.59999943       33.6074829    
   5.63999939       33.8459015    
   5.67999935       34.0557098    
   5.71999931       34.3513489    
   5.75999928       34.5325470    
   5.79999924       34.8091125    
   5.83999920       35.1047516    
   5.88000011       35.2191925    
   5.92000008       35.5052948    
   5.96000004       35.7818604    
   6.00000000       35.9153748    
   6.03999901       36.3922119    
   6.07999992       36.3349915    
   6.11999893       36.8595123    
   6.15999985       36.8213654    
   6.19999886       37.3172760    
   6.23999977       37.3268127    
   6.27999878       37.8036499    
   6.31999969       37.8036499    
   6.35999870       38.2804871    
   6.39999962       38.4140015    
   6.44000053       38.4902954    
   6.47999954       39.0243530    
   6.52000046       38.9671326    
   6.55999947       39.5202637    
   6.60000038       39.4248962    
   6.63999939       40.0161743    
   6.68000031       39.9208069    
   6.71999931       40.4739380    
   6.76000023       40.3976440    
   6.79999924       40.9698486    
   6.84000015       40.8744812    
   6.87999916       41.4466858    
   6.92000008       41.3322449    
   6.95999908       41.9616699    
   7.00000000       41.8090820    
   7.03999901       42.4194336    
   7.07999992       42.3049927    
   7.11999893       42.8962708    
   7.15999985       42.7818298    
   7.19999886       43.3731079    
   7.23999977       43.2586670    
   7.27999878       43.8690186    
   7.31999969       43.7355042    
   7.35999870       44.3458557    
   7.39999962       44.4030762    
   7.44000053       44.4412231    
   7.47999954       45.0897217    
   7.52000046       44.8989868    
   7.55999947       45.5856323    
   7.60000038       45.3758240    
   7.63999939       46.0433960    
   7.68000031       45.8908081    
   7.71999931       46.5202332    
   7.76000023       46.3676453    
   7.79999924       46.9970703    
   7.84000015       46.8063354    
   7.87999916       47.5311279    
   7.92000008       47.2640991    
   7.95999908       48.0079651    
   8.00000000       47.7600098    
   8.03999901       48.4848022    
   8.07999992       48.2177734    
   8.11999893       48.9807129    
   8.15999985       48.7518311    
   8.19999886       49.4003296    
   8.23999977       49.2095947    
   8.27999878       49.8962402    
   8.31999969       49.7055054    
   8.35999870       50.3921509    
   8.39999962       50.4302979    
   8.44000053       50.3540039    
   8.47999954       51.1550903    
   8.52000046       50.8117676    
   8.55999947       51.6891479    
   8.60000038       51.3076782    
   8.63999939       52.1087646    
   8.68000031       51.8417358    
   8.71999931       52.5283813    
   8.76000023       52.2994995    
   8.79999924       53.1005859    
   8.84000015       52.7572632    
   8.87999916       53.5583496    
   8.92000008       53.2531738    
   8.95999908       54.0161133    
   9.00000000       53.7109375    
   9.03999901       54.5501709    
   9.07999992       54.1687012    
   9.11999893       55.0460815    
   9.15999985       54.6264648    
   9.19999886       55.5419922    
   9.23999977       55.1223755    
   9.27999878       55.9616089    
   9.31999969       55.6182861    
   9.35999870       56.4956665    
   9.39999962       56.0379028    
   9.43999863       56.9915771    
   9.47999954       56.8771362    
   9.52000046       56.8389893    
   9.55999947       57.6019287    
   9.60000038       57.3348999    
   9.63999939       58.1359863    
   9.68000031       57.7545166    
   9.71999931       58.6700439    
   9.76000023       58.2122803    
   9.79999924       59.1278076    
   9.84000015       58.7081909    
   9.87999916       59.6618652    
   9.92000008       59.1278076    
   9.95999908       58.6700439    
