  -10.0000000      -1000.00000    
  -9.96000004      -988.047913    
  -9.92000008      -976.191528    
  -9.88000011      -964.430298    
  -9.84000015      -952.763916    
  -9.80000019      -941.192017    
  -9.76000023      -929.714233    
  -9.72000027      -918.330139    
  -9.68000031      -907.039307    
  -9.64000034      -895.841431    
  -9.60000038      -884.736084    
  -9.56000042      -873.722961    
  -9.52000046      -862.801514    
  -9.47999954      -851.971252    
  -9.43999958      -841.232300    
  -9.39999962      -830.583923    
  -9.35999966      -820.025818    
  -9.31999969      -809.557495    
  -9.27999973      -799.178650    
  -9.23999977      -788.888977    
  -9.19999981      -778.687988    
  -9.15999985      -768.575256    
  -9.11999989      -758.550537    
  -9.07999992      -748.613281    
  -9.03999996      -738.763245    
  -9.00000000      -729.000000    
  -8.96000004      -719.323120    
  -8.92000008      -709.732300    
  -8.88000011      -700.227112    
  -8.84000015      -690.807129    
  -8.80000019      -681.472046    
  -8.76000023      -672.221436    
  -8.72000027      -663.054932    
  -8.68000031      -653.972107    
  -8.64000034      -644.972595    
  -8.60000038      -636.056091    
  -8.56000042      -627.222107    
  -8.52000046      -618.470337    
  -8.47999954      -609.800110    
  -8.44000053      -601.211731    
  -8.39999962      -592.703918    
  -8.35999966      -584.276978    
  -8.31999969      -575.930298    
  -8.27999973      -567.663513    
  -8.23999977      -559.476196    
  -8.19999981      -551.367981    
  -8.15999985      -543.338440    
  -8.11999989      -535.387268    
  -8.07999992      -527.514099    
  -8.03999996      -519.718445    
  -8.00000000      -512.000000    
  -7.96000004      -504.358337    
  -7.92000008      -496.793121    
  -7.88000011      -489.303894    
  -7.84000015      -481.890350    
  -7.80000019      -474.552032    
  -7.76000023      -467.288605    
  -7.72000027      -460.099701    
  -7.68000031      -452.984863    
  -7.64000034      -445.943817    
  -7.60000038      -438.976074    
  -7.55999994      -432.081207    
  -7.51999998      -425.259003    
  -7.48000002      -418.509003    
  -7.44000006      -411.830780    
  -7.40000010      -405.224030    
  -7.36000013      -398.688263    
  -7.32000017      -392.223175    
  -7.27999973      -385.828308    
  -7.23999977      -379.503387    
  -7.19999981      -373.247955    
  -7.15999985      -367.061676    
  -7.11999989      -360.944092    
  -7.07999992      -354.894897    
  -7.03999996      -348.913666    
  -7.00000000      -343.000000    
  -6.96000004      -337.153534    
  -6.92000008      -331.373901    
  -6.88000011      -325.660675    
  -6.84000015      -320.013519    
  -6.80000019      -314.432007    
  -6.76000023      -308.915802    
  -6.72000027      -303.464508    
  -6.68000031      -298.077667    
  -6.64000034      -292.754974    
  -6.60000038      -287.496063    
  -6.56000042      -282.300446    
  -6.51999998      -277.167786    
  -6.48000002      -272.097778    
  -6.44000006      -267.089996    
  -6.40000010      -262.144012    
  -6.36000013      -257.259460    
  -6.32000017      -252.435989    
  -6.27999973      -247.673126    
  -6.23999977      -242.970581    
  -6.19999981      -238.327988    
  -6.15999985      -233.744888    
  -6.11999989      -229.220917    
  -6.07999992      -224.755707    
  -6.03999996      -220.348846    
  -6.00000000      -216.000000    
  -5.96000004      -211.708725    
  -5.92000008      -207.474701    
  -5.88000011      -203.297485    
  -5.84000015      -199.176727    
  -5.80000019      -195.112030    
  -5.76000023      -191.102982    
  -5.72000027      -187.149277    
  -5.68000031      -183.250458    
  -5.63999987      -179.406128    
  -5.59999990      -175.615997    
  -5.55999994      -171.879608    
  -5.51999998      -168.196609    
  -5.48000002      -164.566589    
  -5.44000006      -160.989197    
  -5.40000010      -157.464020    
  -5.36000013      -153.990662    
  -5.32000017      -150.568787    
  -5.28000021      -147.197968    
  -5.24000025      -143.877853    
  -5.20000029      -140.608017    
  -5.16000032      -137.388123    
  -5.11999989      -134.217728    
  -5.07999992      -131.096497    
  -5.03999996      -128.024063    
  -5.00000000      -125.000000    
  -4.96000004      -122.023941    
  -4.92000008      -119.095490    
  -4.88000011      -116.214279    
  -4.84000015      -113.379913    
  -4.80000019      -110.592010    
  -4.76000023      -107.850189    
  -4.72000027      -105.154068    
  -4.68000031      -102.503250    
  -4.64000034      -99.8973694    
  -4.59999990      -97.3359985    
  -4.55999994      -94.8188171    
  -4.51999998      -92.3454056    
  -4.48000002      -89.9153900    
  -4.44000006      -87.5283890    
  -4.40000010      -85.1840057    
  -4.36000013      -82.8818665    
  -4.32000017      -80.6215744    
  -4.28000021      -78.4027634    
  -4.24000025      -76.2250366    
  -4.20000029      -74.0880203    
  -4.16000032      -71.9913177    
  -4.12000036      -69.9345474    
  -4.07999992      -67.9173050    
  -4.03999996      -65.9392624    
  -4.00000000      -64.0000000    
  -3.96000004      -62.0991402    
  -3.92000008      -60.2362938    
  -3.88000011      -58.4110756    
  -3.84000015      -56.6231079    
  -3.80000019      -54.8720093    
  -3.76000023      -53.1573868    
  -3.72000027      -51.4788589    
  -3.68000031      -49.8360443    
  -3.64000034      -48.2285576    
  -3.60000038      -46.6560135    
  -3.55999994      -45.1180115    
  -3.51999998      -43.6142082    
  -3.48000002      -42.1441917    
  -3.44000006      -40.7075844    
  -3.40000010      -39.3040009    
  -3.36000013      -37.9330635    
  -3.32000017      -36.5943718    
  -3.28000021      -35.2875557    
  -3.24000025      -34.0122299    
  -3.20000029      -32.7680092    
  -3.16000032      -31.5545063    
  -3.12000036      -30.3713398    
  -3.07999992      -29.2181110    
  -3.03999996      -28.0944633    
  -3.00000000      -27.0000000    
  -2.96000004      -25.9343376    
  -2.92000008      -24.8970909    
  -2.88000011      -23.8878727    
  -2.84000015      -22.9063072    
  -2.80000019      -21.9520054    
  -2.76000023      -21.0245819    
  -2.72000027      -20.1236534    
  -2.68000031      -19.2488384    
  -2.64000034      -18.3997498    
  -2.60000038      -17.5760078    
  -2.55999994      -16.7772160    
  -2.51999998      -16.0030079    
  -2.48000002      -15.2529926    
  -2.44000006      -14.5267849    
  -2.40000010      -13.8240013    
  -2.36000013      -13.1442585    
  -2.32000017      -12.4871712    
  -2.28000021      -11.8523550    
  -2.24000025      -11.2394276    
  -2.20000029      -10.6480036    
  -2.16000032      -10.0777006    
  -2.12000036      -9.52813244    
  -2.08000040      -8.99891758    
  -2.03999996      -8.48966312    
  -2.00000000      -8.00000000    
  -1.96000004      -7.52953672    
  -1.92000008      -7.07788849    
  -1.88000011      -6.64467335    
  -1.84000015      -6.22950554    
  -1.80000019      -5.83200169    
  -1.76000023      -5.45177794    
  -1.72000027      -5.08845043    
  -1.68000031      -4.74163485    
  -1.64000034      -4.41094685    
  -1.60000038      -4.09600258    
  -1.56000042      -3.79641914    
  -1.52000046      -3.51181126    
  -1.48000050      -3.24179530    
  -1.44000053      -2.98598719    
  -1.40000057      -2.74400330    
  -1.36000061      -2.51545930    
  -1.32000065      -2.29997134    
  -1.27999973      -2.09715080    
  -1.23999977      -1.90662301    
  -1.19999981      -1.72799921    
  -1.15999985      -1.56089544    
  -1.11999989      -1.40492761    
  -1.07999992      -1.25971174    
  -1.03999996      -1.12486386    
  -1.00000000      -1.00000000    
 -0.960000038     -0.884736061    
 -0.920000076     -0.778688192    
 -0.880000114     -0.681472242    
 -0.840000153     -0.592704356    
 -0.800000191     -0.512000322    
 -0.760000229     -0.438976407    
 -0.720000267     -0.373248398    
 -0.680000305     -0.314432412    
 -0.640000343     -0.262144417    
 -0.600000381     -0.216000408    
 -0.560000420     -0.175616398    
 -0.520000458     -0.140608370    
 -0.480000496     -0.110592343    
 -0.440000534      -8.51843134E-02
 -0.400000572      -6.40002713E-02
 -0.360000610      -4.66562361E-02
 -0.320000648      -3.27681974E-02
 -0.280000687      -2.19521597E-02
 -0.239999771      -1.38239609E-02
 -0.199999809      -7.99997710E-03
 -0.159999847      -4.09598835E-03
 -0.119999886      -1.72799511E-03
  -7.99999237E-02  -5.11998544E-04
  -3.99999619E-02  -6.39998179E-05
   0.00000000       0.00000000    
   3.99999619E-02   6.39998179E-05
   7.99999237E-02   5.11998544E-04
  0.119999886       1.72799511E-03
  0.159999847       4.09598835E-03
  0.199999809       7.99997710E-03
  0.239999771       1.38239609E-02
  0.279999733       2.19519380E-02
  0.319999695       3.27679068E-02
  0.359999657       4.66558672E-02
  0.399999619       6.39998168E-02
  0.439999580       8.51837546E-02
  0.479999542      0.110591687    
  0.519999504      0.140607595    
  0.559999466      0.175615504    
  0.599999428      0.215999380    
  0.639999390      0.262143254    
  0.679999352      0.314431101    
  0.719999313      0.373246938    
  0.760000229      0.438976407    
  0.800000191      0.512000322    
  0.840000153      0.592704356    
  0.880000114      0.681472242    
  0.920000076      0.778688192    
  0.960000038      0.884736061    
   1.00000000       1.00000000    
   1.03999996       1.12486386    
   1.07999992       1.25971174    
   1.11999989       1.40492761    
   1.15999985       1.56089544    
   1.19999981       1.72799921    
   1.23999977       1.90662301    
   1.27999973       2.09715080    
   1.31999969       2.29996634    
   1.35999966       2.51545405    
   1.39999962       2.74399781    
   1.43999958       2.98598146    
   1.47999954       3.24178910    
   1.51999950       3.51180458    
   1.55999947       3.79641199    
   1.59999943       4.09599590    
   1.63999939       4.41093922    
   1.67999935       4.74162626    
   1.71999931       5.08844185    
   1.75999928       5.45176888    
   1.80000019       5.83200169    
   1.84000015       6.22950554    
   1.88000011       6.64467335    
   1.92000008       7.07788849    
   1.96000004       7.52953672    
   2.00000000       8.00000000    
   2.03999996       8.48966312    
   2.07999992       8.99891090    
   2.11999989       9.52812672    
   2.15999985       10.0776939    
   2.19999981       10.6479969    
   2.23999977       11.2394209    
   2.27999973       11.8523474    
   2.31999969       12.4871635    
   2.35999966       13.1442499    
   2.39999962       13.8239937    
   2.43999958       14.5267763    
   2.47999954       15.2529840    
   2.51999950       16.0029984    
   2.55999947       16.7772064    
   2.59999943       17.5759888    
   2.63999939       18.3997307    
   2.67999935       19.2488174    
   2.71999931       20.1236324    
   2.75999928       21.0245590    
   2.79999924       21.9519825    
   2.84000015       22.9063072    
   2.88000011       23.8878727    
   2.92000008       24.8970909    
   2.96000004       25.9343376    
   3.00000000       27.0000000    
   3.03999996       28.0944633    
   3.07999992       29.2181110    
   3.11999989       30.3713226    
   3.15999985       31.5544891    
   3.19999981       32.7679939    
   3.23999977       34.0122185    
   3.27999973       35.2875443    
   3.31999969       36.5943565    
   3.35999966       37.9330444    
   3.39999962       39.3039856    
   3.43999958       40.7075691    
   3.47999954       42.1441727    
   3.51999950       43.6141891    
   3.55999947       45.1179962    
   3.59999943       46.6559792    
   3.63999939       48.2285194    
   3.67999935       49.8360062    
   3.71999931       51.4788208    
   3.75999928       53.1573448    
   3.79999924       54.8719673    
   3.84000015       56.6231079    
   3.88000011       58.4110756    
   3.92000008       60.2362938    
   3.96000004       62.0991402    
   4.00000000       64.0000000    
   4.03999996       65.9392624    
   4.07999992       67.9173050    
   4.11999989       69.9345245    
   4.15999985       71.9912872    
   4.19999981       74.0879898    
   4.23999977       76.2250137    
   4.27999973       78.4027328    
   4.31999969       80.6215515    
   4.35999966       82.8818436    
   4.39999962       85.1839752    
   4.43999958       87.5283585    
   4.47999954       89.9153671    
   4.51999950       92.3453751    
   4.55999947       94.8187790    
   4.59999943       97.3359604    
   4.63999939       99.8973083    
   4.67999935       102.503189    
   4.71999931       105.153999    
   4.75999928       107.850128    
   4.79999924       110.591949    
   4.83999920       113.379852    
   4.88000011       116.214279    
   4.92000008       119.095490    
   4.96000004       122.023941    
   5.00000000       125.000000    
   5.03999996       128.024063    
   5.07999992       131.096497    
   5.11999989       134.217728    
   5.15999985       137.388092    
   5.19999981       140.607986    
   5.23999977       143.877808    
   5.27999973       147.197922    
   5.31999969       150.568741    
   5.35999966       153.990631    
   5.39999962       157.463974    
   5.43999958       160.989151    
   5.47999954       164.566559    
   5.51999950       168.196564    
   5.55999947       171.879562    
   5.59999943       175.615936    
   5.63999939       179.406082    
   5.67999935       183.250381    
   5.71999931       187.149170    
   5.75999928       191.102921    
   5.79999924       195.111923    
   5.83999920       199.176620    
   5.88000011       203.297485    
   5.92000008       207.474701    
   5.96000004       211.708725    
   6.00000000       216.000000    
   6.03999901       220.348740    
   6.07999992       224.755707    
   6.11999893       229.220810    
   6.15999985       233.744888    
   6.19999886       238.327881    
   6.23999977       242.970581    
   6.27999878       247.673004    
   6.31999969       252.435913    
   6.35999870       257.259308    
   6.39999962       262.143951    
   6.44000053       267.090057    
   6.47999954       272.097748    
   6.52000046       277.167877    
   6.55999947       282.300354    
   6.60000038       287.496063    
   6.63999939       292.754852    
   6.68000031       298.077667    
   6.71999931       303.464355    
   6.76000023       308.915802    
   6.79999924       314.431885    
   6.84000015       320.013519    
   6.87999916       325.660553    
   6.92000008       331.373901    
   6.95999908       337.153381    
   7.00000000       343.000000    
   7.03999901       348.913513    
   7.07999992       354.894897    
   7.11999893       360.943970    
   7.15999985       367.061676    
   7.19999886       373.247833    
   7.23999977       379.503387    
   7.27999878       385.828156    
   7.31999969       392.223114    
   7.35999870       398.688049    
   7.39999962       405.223938    
   7.44000053       411.830872    
   7.47999954       418.508911    
   7.52000046       425.259094    
   7.55999947       432.081116    
   7.60000038       438.976074    
   7.63999939       445.943634    
   7.68000031       452.984863    
   7.71999931       460.099518    
   7.76000023       467.288605    
   7.79999924       474.551880    
   7.84000015       481.890350    
   7.87999916       489.303711    
   7.92000008       496.793121    
   7.95999908       504.358154    
   8.00000000       512.000000    
   8.03999901       519.718262    
   8.07999992       527.514099    
   8.11999893       535.387085    
   8.15999985       543.338440    
   8.19999886       551.367798    
   8.23999977       559.476196    
   8.27999878       567.663330    
   8.31999969       575.930298    
   8.35999870       584.276794    
   8.39999962       592.703918    
   8.44000053       601.211731    
   8.47999954       609.800110    
   8.52000046       618.470337    
   8.55999947       627.221863    
   8.60000038       636.056091    
   8.63999939       644.972412    
   8.68000031       653.972107    
   8.71999931       663.054749    
   8.76000023       672.221436    
   8.79999924       681.471802    
   8.84000015       690.807129    
   8.87999916       700.226868    
   8.92000008       709.732300    
   8.95999908       719.322937    
   9.00000000       729.000000    
   9.03999901       738.763000    
   9.07999992       748.613281    
   9.11999893       758.550232    
   9.15999985       768.575256    
   9.19999886       778.687683    
   9.23999977       788.888977    
   9.27999878       799.178467    
   9.31999969       809.557495    
   9.35999870       820.025513    
   9.39999962       830.583923    
   9.43999863       841.231995    
   9.47999954       851.971252    
   9.52000046       862.801514    
   9.55999947       873.722717    
   9.60000038       884.736084    
   9.63999939       895.841187    
   9.68000031       907.039307    
   9.71999931       918.329834    
   9.76000023       929.714233    
   9.79999924       941.191772    
   9.84000015       952.763916    
   9.87999916       964.429993    
   9.92000008       976.191528    
   9.95999908       988.047668    
